# Simulated transmittance (multigas_example.py, HAPI line-by-line)
# gas Input\HITRAN\N2O_2156.00-2168.00.data 500 ppm
# gas Input\HITRAN\H2O_2156.00-2168.00.data 20000 ppm
# gas Input\HITRAN\CO_2156.00-2168.00.data 30 ppm
# ILS Input\ILS_LINEFIT.txt
# ppm 500   T 297.15 K   P 9456.5556 Pa   L 316.9 cm
# baseline 0.985 + 0.002*(v - 2161.75)   noise 0.001   seed 1
# wavenumber_cm-1	transmittance
2160	0.9811655712
2160.00188	0.9816399585
2160.00376	0.9811516257
2160.00564	0.9795251748
2160.00752	0.9817449286
2160.0094	0.9813011194
2160.01128	0.9803367706
2160.01316	0.9814774157
2160.01504	0.9812867063
2160.01692	0.9812447928
2160.0188	0.9810094439
2160.02068	0.9815588129
2160.02256	0.9803061261
2160.02444	0.98090819
2160.02632	0.9806143072
2160.0282	0.9817164981
2160.03008	0.9811740216
2160.03196	0.9808540161
2160.03384	0.9803728648
2160.03572	0.9809030449
2160.0376	0.9811722848
2160.03948	0.9808921728
2160.04136	0.9824662731
2160.04324	0.9821848417
2160.04512	0.9784745098
2160.047	0.979305528
2160.04888	0.9810292241
2160.05076	0.9807908927
2160.05264	0.9814344924
2160.05452	0.9814438768
2160.0564	0.9833476783
2160.05828	0.9801187514
2160.06016	0.9808522491
2160.06204	0.9832706261
2160.06392	0.9818723349
2160.0658	0.9818869696
2160.06768	0.980709066
2160.06956	0.9795749911
2160.07144	0.9813908248
2160.07332	0.9813320578
2160.0752	0.9799936652
2160.07708	0.9805329762
2160.07896	0.9811357771
2160.08084	0.9802507709
2160.08272	0.9810812297
2160.0846	0.9812559237
2160.08648	0.9811749326
2160.08836	0.980611019
2160.09024	0.9816889426
2160.09212	0.981964531
2160.094	0.9813723364
2160.09588	0.980210228
2160.09776	0.981734127
2160.09964	0.9804697897
2160.10152	0.981811388
2160.1034	0.9798113706
2160.10528	0.9817365865
2160.10716	0.9807279765
2160.10904	0.9794118535
2160.11092	0.9802464282
2160.1128	0.9805025188
2160.11468	0.9805992028
2160.11656	0.9792138956
2160.11844	0.9789516435
2160.12032	0.9801160765
2160.1222	0.9793026119
2160.12408	0.9798534472
2160.12596	0.9802215174
2160.12784	0.9776517169
2160.12972	0.9793857591
2160.1316	0.9801756383
2160.13348	0.978455939
2160.13536	0.977719324
2160.13724	0.9790208774
2160.13912	0.9782060544
2160.141	0.9784578583
2160.14288	0.976727575
2160.14476	0.9749784108
2160.14664	0.9755892101
2160.14852	0.9743225215
2160.1504	0.9744287669
2160.15228	0.9725429429
2160.15416	0.9692349106
2160.15604	0.9680316177
2160.15792	0.9683567617
2160.1598	0.9663399672
2160.16168	0.9632168662
2160.16356	0.9621403223
2160.16544	0.9610403594
2160.16732	0.959764916
2160.1692	0.9591918364
2160.17108	0.9579647668
2160.17296	0.9574126952
2160.17484	0.9574669715
2160.17672	0.9594063333
2160.1786	0.9570945351
2160.18048	0.9605174304
2160.18236	0.9622436903
2160.18424	0.962504998
2160.18612	0.9660659585
2160.188	0.9668896925
2160.18988	0.970146671
2160.19176	0.9707809592
2160.19364	0.973035324
2160.19552	0.9748563469
2160.1974	0.9750936564
2160.19928	0.974712242
2160.20116	0.9747692125
2160.20304	0.9785711027
2160.20492	0.9771041423
2160.2068	0.9768146997
2160.20868	0.9778508075
2160.21056	0.9776579467
2160.21244	0.9788045115
2160.21432	0.9780671571
2160.2162	0.9781200951
2160.21808	0.9774684888
2160.21996	0.9787414358
2160.22184	0.9773447
2160.22372	0.9791722737
2160.2256	0.9801799218
2160.22748	0.9773011182
2160.22936	0.9765457679
2160.23124	0.9798260509
2160.23312	0.981958709
2160.235	0.9786091148
2160.23688	0.97854961
2160.23876	0.9805651565
2160.24064	0.9792930419
2160.24252	0.9797649722
2160.2444	0.9800396487
2160.24628	0.9810174132
2160.24816	0.9801612663
2160.25004	0.9809121698
2160.25192	0.9805150712
2160.2538	0.9798963677
2160.25568	0.9804644097
2160.25756	0.9798716022
2160.25944	0.9808608534
2160.26132	0.9797569179
2160.2632	0.979807885
2160.26508	0.9823709121
2160.26696	0.980867279
2160.26884	0.9808671098
2160.27072	0.9814283379
2160.2726	0.9804884529
2160.27448	0.9806714116
2160.27636	0.981314894
2160.27824	0.981161452
2160.28012	0.9797079739
2160.282	0.9816863036
2160.28388	0.9802432651
2160.28576	0.9797502966
2160.28764	0.9798667842
2160.28952	0.980321676
2160.2914	0.9822641951
2160.29328	0.9793610034
2160.29516	0.9805665572
2160.29704	0.9781039634
2160.29892	0.9800361054
2160.3008	0.980689419
2160.30268	0.9792579345
2160.30456	0.978520729
2160.30644	0.9789878522
2160.30832	0.9790165185
2160.3102	0.9785002544
2160.31208	0.9792993085
2160.31396	0.9770098335
2160.31584	0.9756821736
2160.31772	0.9756413664
2160.3196	0.9752259784
2160.32148	0.9749959619
2160.32336	0.97452016
2160.32524	0.9744748865
2160.32712	0.9724774571
2160.329	0.9749254901
2160.33088	0.9735678155
2160.33276	0.9731085301
2160.33464	0.9751410429
2160.33652	0.9761117044
2160.3384	0.9756333516
2160.34028	0.975687576
2160.34216	0.9750059245
2160.34404	0.9792340536
2160.34592	0.9776682576
2160.3478	0.9760657747
2160.34968	0.9768260292
2160.35156	0.9780703007
2160.35344	0.9767778087
2160.35532	0.9788173311
2160.3572	0.9784688405
2160.35908	0.98039282
2160.36096	0.9803239848
2160.36284	0.9767997922
2160.36472	0.9796536023
2160.3666	0.9780443951
2160.36848	0.9807671389
2160.37036	0.9797626792
2160.37224	0.9800150443
2160.37412	0.9782000849
2160.376	0.9808083113
2160.37788	0.9806181303
2160.37976	0.9770428266
2160.38164	0.9778697988
2160.38352	0.9760850706
2160.3854	0.9758664328
2160.38728	0.9736315854
2160.38916	0.9756632764
2160.39104	0.971643259
2160.39292	0.9710861861
2160.3948	0.9706519418
2160.39668	0.9683209925
2160.39856	0.9676514861
2160.40044	0.9664072062
2160.40232	0.9661232511
2160.4042	0.9646156867
2160.40608	0.9651481385
2160.40796	0.9654586524
2160.40984	0.9656855954
2160.41172	0.9666825857
2160.4136	0.9671562165
2160.41548	0.9691971584
2160.41736	0.9692323528
2160.41924	0.9705914715
2160.42112	0.9712417912
2160.423	0.9725144289
2160.42488	0.9728242156
2160.42676	0.9755369333
2160.42864	0.9746655087
2160.43052	0.9757026704
2160.4324	0.9772997089
2160.43428	0.9776949449
2160.43616	0.977120586
2160.43804	0.9756262142
2160.43992	0.978109957
2160.4418	0.977935537
2160.44368	0.9762148944
2160.44556	0.9783342414
2160.44744	0.9768024805
2160.44932	0.9763346676
2160.4512	0.9775426483
2160.45308	0.9772913253
2160.45496	0.9777364881
2160.45684	0.9760347786
2160.45872	0.9796002497
2160.4606	0.977369007
2160.46248	0.9766448647
2160.46436	0.9790362721
2160.46624	0.9783052656
2160.46812	0.979226314
2160.47	0.9787911802
2160.47188	0.979278247
2160.47376	0.9797603327
2160.47564	0.9789068745
2160.47752	0.9804283445
2160.4794	0.9793289565
2160.48128	0.9789278451
2160.48316	0.9798189898
2160.48504	0.9800718454
2160.48692	0.9792157434
2160.4888	0.9783240636
2160.49068	0.9794597175
2160.49256	0.9766319027
2160.49444	0.9767995975
2160.49632	0.9771836543
2160.4982	0.9749667249
2160.50008	0.9754102321
2160.50196	0.9742638223
2160.50384	0.9740567396
2160.50572	0.9710173485
2160.5076	0.9700570339
2160.50948	0.9697934981
2160.51136	0.9658613929
2160.51324	0.9704148558
2160.51512	0.9658014239
2160.517	0.9651883072
2160.51888	0.9664632545
2160.52076	0.9655280461
2160.52264	0.964037229
2160.52452	0.9669595607
2160.5264	0.96793993
2160.52828	0.9675805746
2160.53016	0.968837219
2160.53204	0.970781306
2160.53392	0.9705974317
2160.5358	0.97314071
2160.53768	0.9740409675
2160.53956	0.9742172669
2160.54144	0.9744395562
2160.54332	0.9764223323
2160.5452	0.9764625771
2160.54708	0.9789062768
2160.54896	0.9785015216
2160.55084	0.9794885336
2160.55272	0.9790983565
2160.5546	0.9794035167
2160.55648	0.978463156
2160.55836	0.9799556093
2160.56024	0.9810532836
2160.56212	0.9788801055
2160.564	0.9784555455
2160.56588	0.978679268
2160.56776	0.9780646817
2160.56964	0.9774592159
2160.57152	0.9778025921
2160.5734	0.9767479055
2160.57528	0.9777037628
2160.57716	0.9753275704
2160.57904	0.9745392416
2160.58092	0.9738785464
2160.5828	0.9711694228
2160.58468	0.9713044386
2160.58656	0.96752336
2160.58844	0.9655768749
2160.59032	0.9642513884
2160.5922	0.9628099929
2160.59408	0.9599817853
2160.59596	0.9600320587
2160.59784	0.9573777633
2160.59972	0.959764675
2160.6016	0.9580045635
2160.60348	0.9575606119
2160.60536	0.9578073401
2160.60724	0.9592132943
2160.60912	0.9605780323
2160.611	0.9612180624
2160.61288	0.9629908305
2160.61476	0.9654813146
2160.61664	0.966941854
2160.61852	0.9701655521
2160.6204	0.9720421084
2160.62228	0.9724697779
2160.62416	0.9743215421
2160.62604	0.9737376513
2160.62792	0.976764381
2160.6298	0.9769881366
2160.63168	0.9782467171
2160.63356	0.9799762659
2160.63544	0.9765986435
2160.63732	0.9795526086
2160.6392	0.9785303277
2160.64108	0.9804991786
2160.64296	0.978823058
2160.64484	0.9798316565
2160.64672	0.9806894914
2160.6486	0.9812353451
2160.65048	0.9808122307
2160.65236	0.980045169
2160.65424	0.9803734667
2160.65612	0.9818915487
2160.658	0.9810742803
2160.65988	0.9794619525
2160.66176	0.9820483249
2160.66364	0.9816715236
2160.66552	0.9821693217
2160.6674	0.9809880781
2160.66928	0.9821680657
2160.67116	0.9802792992
2160.67304	0.9818955438
2160.67492	0.980805419
2160.6768	0.981926714
2160.67868	0.9822027944
2160.68056	0.9803968164
2160.68244	0.9810111148
2160.68432	0.981028031
2160.6862	0.9821061063
2160.68808	0.9815584809
2160.68996	0.9795676194
2160.69184	0.9811942126
2160.69372	0.9814450674
2160.6956	0.9828032663
2160.69748	0.978997826
2160.69936	0.9801570905
2160.70124	0.9820622441
2160.70312	0.9794269861
2160.705	0.979651077
2160.70688	0.9814479017
2160.70876	0.9820367975
2160.71064	0.980439548
2160.71252	0.9817352683
2160.7144	0.9813912154
2160.71628	0.9828601373
2160.71816	0.9813920166
2160.72004	0.9824191977
2160.72192	0.9805441897
2160.7238	0.9812647112
2160.72568	0.9813409718
2160.72756	0.9825532686
2160.72944	0.9819612594
2160.73132	0.9805905999
2160.7332	0.9819795994
2160.73508	0.9820182031
2160.73696	0.9810792617
2160.73884	0.9808672852
2160.74072	0.9808520534
2160.7426	0.9792541337
2160.74448	0.9810187197
2160.74636	0.9809189724
2160.74824	0.9796439526
2160.75012	0.9810467615
2160.752	0.9786974845
2160.75388	0.9792601362
2160.75576	0.9790605396
2160.75764	0.9812385741
2160.75952	0.9773697895
2160.7614	0.9792643302
2160.76328	0.979404026
2160.76516	0.9786390362
2160.76704	0.9792920641
2160.76892	0.9770138791
2160.7708	0.9757049074
2160.77268	0.9787846508
2160.77456	0.9769168174
2160.77644	0.9779385525
2160.77832	0.9772884534
2160.7802	0.9797625143
2160.78208	0.9798482523
2160.78396	0.9785549191
2160.78584	0.9804787646
2160.78772	0.9799956762
2160.7896	0.9800249723
2160.79148	0.9804963423
2160.79336	0.9804912155
2160.79524	0.9815421171
2160.79712	0.9814479957
2160.799	0.9809766679
2160.80088	0.9825000553
2160.80276	0.981030993
2160.80464	0.9820608502
2160.80652	0.9823119754
2160.8084	0.9834704331
2160.81028	0.9815749824
2160.81216	0.9839003071
2160.81404	0.9823990347
2160.81592	0.9820842765
2160.8178	0.981651917
2160.81968	0.9829486542
2160.82156	0.9824423563
2160.82344	0.9813151965
2160.82532	0.9813118295
2160.8272	0.9819017117
2160.82908	0.9817962162
2160.83096	0.9835756857
2160.83284	0.983872741
2160.83472	0.9833765842
2160.8366	0.9828759635
2160.83848	0.9820993564
2160.84036	0.9825911573
2160.84224	0.9834301457
2160.84412	0.9846849057
2160.846	0.9834750113
2160.84788	0.9822893968
2160.84976	0.9826147626
2160.85164	0.9820999526
2160.85352	0.9818042165
2160.8554	0.9824043571
2160.85728	0.9827835865
2160.85916	0.9844202534
2160.86104	0.982629467
2160.86292	0.9839243691
2160.8648	0.984320424
2160.86668	0.9826138349
2160.86856	0.9841208537
2160.87044	0.9832015175
2160.87232	0.982037373
2160.8742	0.9826821601
2160.87608	0.9823941037
2160.87796	0.9820832348
2160.87984	0.9820484319
2160.88172	0.9823067636
2160.8836	0.9824913397
2160.88548	0.9810405495
2160.88736	0.9817516101
2160.88924	0.9800339824
2160.89112	0.9815640407
2160.893	0.9816169029
2160.89488	0.9807818539
2160.89676	0.9804558765
2160.89864	0.9802341166
2160.90052	0.9783729112
2160.9024	0.9781143541
2160.90428	0.9781075101
2160.90616	0.977781816
2160.90804	0.9763159972
2160.90992	0.9775962558
2160.9118	0.9740835672
2160.91368	0.9743468548
2160.91556	0.9738594729
2160.91744	0.9718099965
2160.91932	0.970608921
2160.9212	0.9698908512
2160.92308	0.9710559676
2160.92496	0.9720083073
2160.92684	0.971358068
2160.92872	0.9716222099
2160.9306	0.9715896296
2160.93248	0.9731820135
2160.93436	0.9712399229
2160.93624	0.9744335519
2160.93812	0.9750926251
2160.94	0.9745643766
2160.94188	0.9789599135
2160.94376	0.9762033899
2160.94564	0.9772595362
2160.94752	0.9778109037
2160.9494	0.9807196537
2160.95128	0.9792401717
2160.95316	0.981240579
2160.95504	0.9815333458
2160.95692	0.9815171662
2160.9588	0.9802077454
2160.96068	0.9811153595
2160.96256	0.9835751023
2160.96444	0.9807550885
2160.96632	0.9813334555
2160.9682	0.9821026619
2160.97008	0.9831583099
2160.97196	0.9826734009
2160.97384	0.9832269175
2160.97572	0.9814734617
2160.9776	0.9835358174
2160.97948	0.9832059469
2160.98136	0.9810847052
2160.98324	0.9842585731
2160.98512	0.9850478132
2160.987	0.9820211391
2160.98888	0.9828772689
2160.99076	0.9842485841
2160.99264	0.9813971719
2160.99452	0.9809136398
2160.9964	0.9816296993
2160.99828	0.9823810529
2161.00016	0.9823898211
2161.00204	0.9835947459
2161.00392	0.9832743457
2161.0058	0.9817776182
2161.00768	0.9836085256
2161.00956	0.9849322214
2161.01144	0.9842716162
2161.01332	0.9840813456
2161.0152	0.9831251655
2161.01708	0.9841022893
2161.01896	0.9821650466
2161.02084	0.983893584
2161.02272	0.9830656946
2161.0246	0.9842933993
2161.02648	0.9836374602
2161.02836	0.9820901609
2161.03024	0.9833164393
2161.03212	0.9844149917
2161.034	0.9820757916
2161.03588	0.9826540006
2161.03776	0.9824523118
2161.03964	0.9817327577
2161.04152	0.9841965282
2161.0434	0.9845524673
2161.04528	0.9840470621
2161.04716	0.9834945442
2161.04904	0.9832044277
2161.05092	0.9835000108
2161.0528	0.9825330782
2161.05468	0.9841624112
2161.05656	0.9843179306
2161.05844	0.984208707
2161.06032	0.9827486025
2161.0622	0.9833607315
2161.06408	0.9831183816
2161.06596	0.9850732981
2161.06784	0.983463395
2161.06972	0.9813987741
2161.0716	0.983674518
2161.07348	0.9851514039
2161.07536	0.9839454481
2161.07724	0.9841290145
2161.07912	0.9832731665
2161.081	0.9812518056
2161.08288	0.9813977449
2161.08476	0.9819457535
2161.08664	0.9830475572
2161.08852	0.9834660711
2161.0904	0.9838260522
2161.09228	0.9827753569
2161.09416	0.9840501066
2161.09604	0.9827883634
2161.09792	0.9823353525
2161.0998	0.9838591119
2161.10168	0.9820555619
2161.10356	0.9801974685
2161.10544	0.9818164022
2161.10732	0.9829131875
2161.1092	0.9796745042
2161.11108	0.9823268939
2161.11296	0.9822764683
2161.11484	0.9811039753
2161.11672	0.9809699947
2161.1186	0.9819156427
2161.12048	0.9817637947
2161.12236	0.9835142981
2161.12424	0.9825865622
2161.12612	0.9806043478
2161.128	0.9813214846
2161.12988	0.98288974
2161.13176	0.984105175
2161.13364	0.9826338897
2161.13552	0.9826062393
2161.1374	0.9842099826
2161.13928	0.982381162
2161.14116	0.982145703
2161.14304	0.9810849265
2161.14492	0.9820179038
2161.1468	0.9847299606
2161.14868	0.9811368882
2161.15056	0.982565187
2161.15244	0.9811310708
2161.15432	0.9826463625
2161.1562	0.9833807913
2161.15808	0.9822254514
2161.15996	0.9831798861
2161.16184	0.9831586025
2161.16372	0.9828833001
2161.1656	0.9841628414
2161.16748	0.9832480495
2161.16936	0.9821984586
2161.17124	0.9818667229
2161.17312	0.9817536983
2161.175	0.9831303628
2161.17688	0.9823865396
2161.17876	0.9854914808
2161.18064	0.9846491121
2161.18252	0.9826250343
2161.1844	0.9825285832
2161.18628	0.9845485247
2161.18816	0.9809562223
2161.19004	0.9823487262
2161.19192	0.9836910418
2161.1938	0.9817484125
2161.19568	0.9820859508
2161.19756	0.9820989991
2161.19944	0.9829873493
2161.20132	0.9823344412
2161.2032	0.9824690327
2161.20508	0.98253811
2161.20696	0.9818607529
2161.20884	0.9828474963
2161.21072	0.9809374938
2161.2126	0.9801873314
2161.21448	0.9798338404
2161.21636	0.9800080247
2161.21824	0.9811271549
2161.22012	0.9827842063
2161.222	0.982028797
2161.22388	0.9813758357
2161.22576	0.9810381524
2161.22764	0.9817212338
2161.22952	0.9819919073
2161.2314	0.981974721
2161.23328	0.9812464946
2161.23516	0.9823344553
2161.23704	0.9839484003
2161.23892	0.9808659163
2161.2408	0.9828965588
2161.24268	0.9810994027
2161.24456	0.9834744656
2161.24644	0.9826021494
2161.24832	0.9813106012
2161.2502	0.9835332924
2161.25208	0.9852773625
2161.25396	0.9835889358
2161.25584	0.9846562767
2161.25772	0.9834333236
2161.2596	0.9813547902
2161.26148	0.9840085657
2161.26336	0.9831041861
2161.26524	0.9820635438
2161.26712	0.9843121467
2161.269	0.9838138652
2161.27088	0.982998702
2161.27276	0.9843861705
2161.27464	0.9826365612
2161.27652	0.9841390771
2161.2784	0.9825388952
2161.28028	0.9839941238
2161.28216	0.9823378333
2161.28404	0.9849041497
2161.28592	0.9836437036
2161.2878	0.9847944123
2161.28968	0.9825080422
2161.29156	0.9828187441
2161.29344	0.9840923952
2161.29532	0.9804582514
2161.2972	0.9820735427
2161.29908	0.9840988426
2161.30096	0.9834414153
2161.30284	0.9838498569
2161.30472	0.9824398514
2161.3066	0.9831763509
2161.30848	0.9817297134
2161.31036	0.9809245441
2161.31224	0.9804284456
2161.31412	0.9813929556
2161.316	0.9812164751
2161.31788	0.9809614368
2161.31976	0.9778778666
2161.32164	0.9792805616
2161.32352	0.9806218161
2161.3254	0.9813451883
2161.32728	0.9804165064
2161.32916	0.9800922056
2161.33104	0.9786727719
2161.33292	0.9830526274
2161.3348	0.9800146411
2161.33668	0.9829134891
2161.33856	0.9829276544
2161.34044	0.9817920042
2161.34232	0.9811018527
2161.3442	0.9819596279
2161.34608	0.9808160606
2161.34796	0.9823540907
2161.34984	0.982198791
2161.35172	0.9828061789
2161.3536	0.9832784039
2161.35548	0.9840905484
2161.35736	0.9819765629
2161.35924	0.9833940536
2161.36112	0.9815238964
2161.363	0.9813642915
2161.36488	0.9815599921
2161.36676	0.9810871675
2161.36864	0.9829064731
2161.37052	0.9826650461
2161.3724	0.9827793634
2161.37428	0.981185868
2161.37616	0.9811166861
2161.37804	0.9798079277
2161.37992	0.9786763932
2161.3818	0.9795946397
2161.38368	0.9785952107
2161.38556	0.9762380195
2161.38744	0.9767670605
2161.38932	0.9730776039
2161.3912	0.9730669736
2161.39308	0.9708263491
2161.39496	0.9689306425
2161.39684	0.966193738
2161.39872	0.9658992363
2161.4006	0.9630896541
2161.40248	0.961261965
2161.40436	0.957825214
2161.40624	0.954166374
2161.40812	0.9531042336
2161.41	0.9506508001
2161.41188	0.9510715298
2161.41376	0.9510909194
2161.41564	0.9500026989
2161.41752	0.9494096635
2161.4194	0.9505005457
2161.42128	0.9524230622
2161.42316	0.9525403578
2161.42504	0.9562391845
2161.42692	0.9586308001
2161.4288	0.9603670635
2161.43068	0.9630122637
2161.43256	0.9660685494
2161.43444	0.96741879
2161.43632	0.9695749867
2161.4382	0.9731115488
2161.44008	0.9742479247
2161.44196	0.9771513255
2161.44384	0.9756984047
2161.44572	0.975905799
2161.4476	0.9794400086
2161.44948	0.98011255
2161.45136	0.9789455035
2161.45324	0.9786418076
2161.45512	0.9804090217
2161.457	0.9789869406
2161.45888	0.9806295611
2161.46076	0.9789812972
2161.46264	0.9810850674
2161.46452	0.9793351905
2161.4664	0.9813286978
2161.46828	0.9831746634
2161.47016	0.9814676843
2161.47204	0.982570918
2161.47392	0.981217816
2161.4758	0.9810194688
2161.47768	0.9804605783
2161.47956	0.9830400555
2161.48144	0.9819760059
2161.48332	0.9836818609
2161.4852	0.9808956365
2161.48708	0.9818538771
2161.48896	0.9821452655
2161.49084	0.9834536377
2161.49272	0.9838254437
2161.4946	0.9813043243
2161.49648	0.9807567997
2161.49836	0.9800788442
2161.50024	0.9830627424
2161.50212	0.9815317885
2161.504	0.980841691
2161.50588	0.9812804944
2161.50776	0.9785805434
2161.50964	0.9791783438
2161.51152	0.9815564559
2161.5134	0.9806821307
2161.51528	0.9800461531
2161.51716	0.9784474093
2161.51904	0.9795312015
2161.52092	0.9801565823
2161.5228	0.9765250703
2161.52468	0.9770661928
2161.52656	0.9758390371
2161.52844	0.9757644781
2161.53032	0.9744361127
2161.5322	0.9731623405
2161.53408	0.9711609102
2161.53596	0.9705874246
2161.53784	0.9683586136
2161.53972	0.9669965082
2161.5416	0.96505044
2161.54348	0.9635525632
2161.54536	0.9599419208
2161.54724	0.9577112934
2161.54912	0.9565607167
2161.551	0.9527413054
2161.55288	0.9502705434
2161.55476	0.9491627036
2161.55664	0.9466232265
2161.55852	0.9448689057
2161.5604	0.94387587
2161.56228	0.9418085317
2161.56416	0.9434515268
2161.56604	0.9448225213
2161.56792	0.9451327841
2161.5698	0.944556988
2161.57168	0.9484016652
2161.57356	0.9495735555
2161.57544	0.9528729339
2161.57732	0.9560068391
2161.5792	0.9575173171
2161.58108	0.9628390931
2161.58296	0.9641098621
2161.58484	0.967466014
2161.58672	0.969579512
2161.5886	0.9723122736
2161.59048	0.9739272863
2161.59236	0.9727800236
2161.59424	0.9755823699
2161.59612	0.9744785582
2161.598	0.9770548595
2161.59988	0.978942904
2161.60176	0.9797302738
2161.60364	0.9805747792
2161.60552	0.9792772807
2161.6074	0.980258093
2161.60928	0.9802479114
2161.61116	0.9815731241
2161.61304	0.9820062125
2161.61492	0.9801398707
2161.6168	0.9843441633
2161.61868	0.9806078843
2161.62056	0.980293829
2161.62244	0.9813107375
2161.62432	0.9815225042
2161.6262	0.9813636502
2161.62808	0.9802174718
2161.62996	0.9823816109
2161.63184	0.9809910423
2161.63372	0.9824858859
2161.6356	0.9823321748
2161.63748	0.9796348389
2161.63936	0.979873393
2161.64124	0.9797700222
2161.64312	0.9809044138
2161.645	0.980549356
2161.64688	0.9805470459
2161.64876	0.9791730872
2161.65064	0.9800216029
2161.65252	0.9804878713
2161.6544	0.97709659
2161.65628	0.9774263217
2161.65816	0.9768965603
2161.66004	0.975382244
2161.66192	0.9740331066
2161.6638	0.9746010318
2161.66568	0.9726421969
2161.66756	0.970711984
2161.66944	0.9676412067
2161.67132	0.9692831662
2161.6732	0.9662034144
2161.67508	0.9642822372
2161.67696	0.9638030021
2161.67884	0.9632259258
2161.68072	0.9657209817
2161.6826	0.9639937807
2161.68448	0.9643201291
2161.68636	0.962805427
2161.68824	0.9665651269
2161.69012	0.9657240713
2161.692	0.9665950509
2161.69388	0.9691615962
2161.69576	0.9682823002
2161.69764	0.9702444704
2161.69952	0.970365338
2161.7014	0.9667878989
2161.70328	0.9672261597
2161.70516	0.9640172582
2161.70704	0.9632314389
2161.70892	0.9614547182
2161.7108	0.9560888589
2161.71268	0.9559735704
2161.71456	0.9505634369
2161.71644	0.9465705234
2161.71832	0.9448780725
2161.7202	0.9435890582
2161.72208	0.9399105623
2161.72396	0.9405791292
2161.72584	0.9393486378
2161.72772	0.9429257164
2161.7296	0.9436736509
2161.73148	0.9455878821
2161.73336	0.9500945291
2161.73524	0.9512028935
2161.73712	0.9557397574
2161.739	0.9616593027
2161.74088	0.9632533966
2161.74276	0.9680570735
2161.74464	0.9698832045
2161.74652	0.9715840057
2161.7484	0.9742213496
2161.75028	0.9763237367
2161.75216	0.9772461843
2161.75404	0.9779189263
2161.75592	0.9787831618
2161.7578	0.9786949473
2161.75968	0.9807457087
2161.76156	0.981373564
2161.76344	0.9819946548
2161.76532	0.9796503115
2161.7672	0.9824322881
2161.76908	0.9817488174
2161.77096	0.9804515858
2161.77284	0.9820714988
2161.77472	0.9828658181
2161.7766	0.9826414007
2161.77848	0.9829093395
2161.78036	0.9831989006
2161.78224	0.9832297257
2161.78412	0.9823929161
2161.786	0.9804555612
2161.78788	0.9818997728
2161.78976	0.9831423323
2161.79164	0.982440885
2161.79352	0.9837087225
2161.7954	0.9839148477
2161.79728	0.9832352533
2161.79916	0.9851120048
2161.80104	0.9822797308
2161.80292	0.9841919928
2161.8048	0.9827848665
2161.80668	0.9824722498
2161.80856	0.9838420984
2161.81044	0.9826473749
2161.81232	0.9841413967
2161.8142	0.9821409517
2161.81608	0.9833675645
2161.81796	0.982505141
2161.81984	0.9831124837
2161.82172	0.9829499259
2161.8236	0.982138419
2161.82548	0.9838364395
2161.82736	0.9818197493
2161.82924	0.9819422674
2161.83112	0.983649744
2161.833	0.9835502953
2161.83488	0.9830497669
2161.83676	0.9825147564
2161.83864	0.9842323015
2161.84052	0.9805087652
2161.8424	0.9807218986
2161.84428	0.9801998327
2161.84616	0.9818041997
2161.84804	0.9808945105
2161.84992	0.9814175516
2161.8518	0.9809927647
2161.85368	0.9795389602
2161.85556	0.9787358582
2161.85744	0.9784157357
2161.85932	0.9815457466
2161.8612	0.9803049687
2161.86308	0.9800083976
2161.86496	0.9792185353
2161.86684	0.9795499416
2161.86872	0.9796234854
2161.8706	0.9798711261
2161.87248	0.9780079387
2161.87436	0.9805412388
2161.87624	0.9803764869
2161.87812	0.9811666079
2161.88	0.9811683154
2161.88188	0.9818631072
2161.88376	0.9810237452
2161.88564	0.9818429649
2161.88752	0.9784799112
2161.8894	0.9799201995
2161.89128	0.982709857
2161.89316	0.9797032474
2161.89504	0.9805502104
2161.89692	0.9814046967
2161.8988	0.9796418229
2161.90068	0.9810305697
2161.90256	0.9786242315
2161.90444	0.977849928
2161.90632	0.9781188441
2161.9082	0.9774594579
2161.91008	0.9787435314
2161.91196	0.9780725419
2161.91384	0.978320685
2161.91572	0.9765169385
2161.9176	0.9795948534
2161.91948	0.976369961
2161.92136	0.9757200071
2161.92324	0.9753773632
2161.92512	0.9736535401
2161.927	0.9720183798
2161.92888	0.9712106712
2161.93076	0.9701727107
2161.93264	0.9676130422
2161.93452	0.9650358562
2161.9364	0.9599992048
2161.93828	0.9554291211
2161.94016	0.9528708186
2161.94204	0.9441663905
2161.94392	0.9371852625
2161.9458	0.9284505186
2161.94768	0.9188477973
2161.94956	0.9046099382
2161.95144	0.8930388656
2161.95332	0.8799813518
2161.9552	0.8667594248
2161.95708	0.8515369213
2161.95896	0.8415264526
2161.96084	0.8277435035
2161.96272	0.8218184663
2161.9646	0.8152547369
2161.96648	0.8111751894
2161.96836	0.8080783922
2161.97024	0.8118303958
2161.97212	0.8143597955
2161.974	0.8208154503
2161.97588	0.8299547181
2161.97776	0.8405501993
2161.97964	0.8530686522
2161.98152	0.8657139772
2161.9834	0.8747762089
2161.98528	0.8878920234
2161.98716	0.9001274927
2161.98904	0.9092326384
2161.99092	0.9182333638
2161.9928	0.9237946716
2161.99468	0.932739126
2161.99656	0.9357507817
2161.99844	0.9422160274
2162.00032	0.9474201875
2162.0022	0.951440138
2162.00408	0.9531616501
2162.00596	0.956303744
2162.00784	0.9573384584
2162.00972	0.9597775233
2162.0116	0.9635595728
2162.01348	0.9643519272
2162.01536	0.9660201207
2162.01724	0.9663766744
2162.01912	0.9694279059
2162.021	0.971273615
2162.02288	0.9710550445
2162.02476	0.9724465792
2162.02664	0.9755313482
2162.02852	0.9750270222
2162.0304	0.9753643072
2162.03228	0.9752296309
2162.03416	0.9763739228
2162.03604	0.9772875214
2162.03792	0.9793741255
2162.0398	0.9777947425
2162.04168	0.9805441482
2162.04356	0.9781238688
2162.04544	0.9789696033
2162.04732	0.9804295608
2162.0492	0.9795980068
2162.05108	0.9792584257
2162.05296	0.980206118
2162.05484	0.98103129
2162.05672	0.9791007119
2162.0586	0.9807840874
2162.06048	0.9811156038
2162.06236	0.9809861412
2162.06424	0.9822625171
2162.06612	0.9810714562
2162.068	0.9813700339
2162.06988	0.9818560044
2162.07176	0.9826279261
2162.07364	0.9817614947
2162.07552	0.9835888747
2162.0774	0.9812600025
2162.07928	0.9835520906
2162.08116	0.9815022032
2162.08304	0.982281104
2162.08492	0.9828755776
2162.0868	0.9846123079
2162.08868	0.9834757505
2162.09056	0.982174283
2162.09244	0.9838611458
2162.09432	0.982317783
2162.0962	0.9817037986
2162.09808	0.9829082352
2162.09996	0.9825236425
2162.10184	0.9833604588
2162.10372	0.98184319
2162.1056	0.9827678879
2162.10748	0.9830197117
2162.10936	0.9826654241
2162.11124	0.9823632738
2162.11312	0.9817030727
2162.115	0.9833191029
2162.11688	0.9825775866
2162.11876	0.9829765993
2162.12064	0.982188449
2162.12252	0.9826325049
2162.1244	0.9816835467
2162.12628	0.9829253731
2162.12816	0.9837356591
2162.13004	0.9831972425
2162.13192	0.9840912498
2162.1338	0.9836572
2162.13568	0.9847980015
2162.13756	0.9833069671
2162.13944	0.9818930996
2162.14132	0.9839730617
2162.1432	0.9833635233
2162.14508	0.9825287247
2162.14696	0.9841223029
2162.14884	0.9837038919
2162.15072	0.9838591166
2162.1526	0.9830643293
2162.15448	0.9835863306
2162.15636	0.9836449729
2162.15824	0.9851735493
2162.16012	0.9827279267
2162.162	0.9834172609
2162.16388	0.9838091812
2162.16576	0.981739269
2162.16764	0.981880851
2162.16952	0.9856702179
2162.1714	0.9817579511
2162.17328	0.9841192222
2162.17516	0.9827114793
2162.17704	0.9828051747
2162.17892	0.9815845889
2162.1808	0.982652774
2162.18268	0.9843103887
2162.18456	0.9820960005
2162.18644	0.9840268887
2162.18832	0.9836828201
2162.1902	0.985321755
2162.19208	0.9827638482
2162.19396	0.9844428428
2162.19584	0.9840200612
2162.19772	0.9828106692
2162.1996	0.981417408
2162.20148	0.9845912063
2162.20336	0.9817375058
2162.20524	0.9826670618
2162.20712	0.9840798517
2162.209	0.9843852107
2162.21088	0.982511389
2162.21276	0.9834256911
2162.21464	0.9833114272
2162.21652	0.984873286
2162.2184	0.9863252485
2162.22028	0.9821244154
2162.22216	0.9850066832
2162.22404	0.9813677609
2162.22592	0.9843728751
2162.2278	0.9833777327
2162.22968	0.9865987303
2162.23156	0.9848846368
2162.23344	0.9840824941
2162.23532	0.9844098087
2162.2372	0.9844123296
2162.23908	0.9852433233
2162.24096	0.9849539144
2162.24284	0.9858157079
2162.24472	0.9867398173
2162.2466	0.9859340062
2162.24848	0.984034138
2162.25036	0.9836594525
2162.25224	0.9845472991
2162.25412	0.9863722376
2162.256	0.9849973793
2162.25788	0.9846754039
2162.25976	0.9854888998
2162.26164	0.9839396953
2162.26352	0.9842173253
2162.2654	0.9858650972
2162.26728	0.985046207
2162.26916	0.9848868681
2162.27104	0.9856440717
2162.27292	0.9847226025
2162.2748	0.9845956622
2162.27668	0.984788336
2162.27856	0.9858066546
2162.28044	0.9852071265
2162.28232	0.983881061
2162.2842	0.9846840438
2162.28608	0.9855283533
2162.28796	0.9866251072
2162.28984	0.9834681647
2162.29172	0.9847894156
2162.2936	0.9840205371
2162.29548	0.9849265347
2162.29736	0.9843722353
2162.29924	0.9852239455
2162.30112	0.9841156459
2162.303	0.9829185045
2162.30488	0.9828224693
2162.30676	0.9836994467
2162.30864	0.9836608108
2162.31052	0.985676465
2162.3124	0.9850074558
2162.31428	0.9822474694
2162.31616	0.9838937571
2162.31804	0.9823616557
2162.31992	0.982205801
2162.3218	0.9847863032
2162.32368	0.9847811397
2162.32556	0.9833762143
2162.32744	0.9862368882
2162.32932	0.9837824244
2162.3312	0.9837440246
2162.33308	0.9856988198
2162.33496	0.9853833566
2162.33684	0.9850999375
2162.33872	0.985274221
2162.3406	0.98563049
2162.34248	0.9853192055
2162.34436	0.9853275629
2162.34624	0.9836369916
2162.34812	0.9842176995
2162.35	0.9861930199
2162.35188	0.9848972348
2162.35376	0.9861641158
2162.35564	0.9868700563
2162.35752	0.9852935729
2162.3594	0.9859434254
2162.36128	0.9877465094
2162.36316	0.9863719347
2162.36504	0.9875231539
2162.36692	0.9872164799
2162.3688	0.9864362011
2162.37068	0.9855693398
2162.37256	0.9848370015
2162.37444	0.9845651037
2162.37632	0.9861614676
2162.3782	0.986142379
2162.38008	0.9854992103
2162.38196	0.9865220665
2162.38384	0.9850683058
2162.38572	0.9867810557
2162.3876	0.9857069618
2162.38948	0.985624465
2162.39136	0.9856520179
2162.39324	0.9855431441
2162.39512	0.9881179727
2162.397	0.9840054465
2162.39888	0.9857814877
2162.40076	0.9868362896
2162.40264	0.9862984878
2162.40452	0.9852683962
2162.4064	0.9873002369
2162.40828	0.9844804766
2162.41016	0.9842296471
2162.41204	0.9860880153
2162.41392	0.9840456243
2162.4158	0.9830979414
2162.41768	0.9863301385
2162.41956	0.9861759009
2162.42144	0.9861107003
2162.42332	0.9848520599
2162.4252	0.9854813261
2162.42708	0.9842896104
2162.42896	0.986942863
2162.43084	0.9859486244
2162.43272	0.9858421638
2162.4346	0.9830824874
2162.43648	0.9857590064
2162.43836	0.9863477129
2162.44024	0.9859505801
2162.44212	0.985378044
2162.444	0.9844117726
2162.44588	0.9838584495
2162.44776	0.9845475573
2162.44964	0.9840260861
2162.45152	0.9835225765
2162.4534	0.9825597886
2162.45528	0.9840685064
2162.45716	0.980671712
2162.45904	0.9812051447
2162.46092	0.9799782132
2162.4628	0.9808748232
2162.46468	0.9805270543
2162.46656	0.9795832565
2162.46844	0.9783468734
2162.47032	0.9754709326
2162.4722	0.9782826712
2162.47408	0.976101567
2162.47596	0.9749155401
2162.47784	0.9745305086
2162.47972	0.9736799721
2162.4816	0.9739500494
2162.48348	0.9733037413
2162.48536	0.9720247098
2162.48724	0.969096014
2162.48912	0.9707764179
2162.491	0.9702868252
2162.49288	0.9691914402
2162.49476	0.9672476832
2162.49664	0.9665120537
2162.49852	0.9657239967
2162.5004	0.9629112707
2162.50228	0.9636592472
2162.50416	0.9592501075
2162.50604	0.9592263814
2162.50792	0.9591894932
2162.5098	0.9576182472
2162.51168	0.9594085963
2162.51356	0.9623705073
2162.51544	0.9634169335
2162.51732	0.9636172396
2162.5192	0.9668137444
2162.52108	0.9670633941
2162.52296	0.9681414213
2162.52484	0.9707100069
2162.52672	0.9721111044
2162.5286	0.9746632478
2162.53048	0.9739635809
2162.53236	0.9778421952
2162.53424	0.9775854762
2162.53612	0.9799301075
2162.538	0.9784022166
2162.53988	0.9802475741
2162.54176	0.9813445907
2162.54364	0.982664486
2162.54552	0.9809583124
2162.5474	0.984189066
2162.54928	0.9832956618
2162.55116	0.9825336782
2162.55304	0.984484305
2162.55492	0.9835422338
2162.5568	0.9847379874
2162.55868	0.9860127594
2162.56056	0.9845404918
2162.56244	0.9833031633
2162.56432	0.9834412873
2162.5662	0.9844699765
2162.56808	0.9841826065
2162.56996	0.983058546
2162.57184	0.9832111065
2162.57372	0.9845227644
2162.5756	0.986169078
2162.57748	0.981140822
2162.57936	0.9844222043
2162.58124	0.9833871015
2162.58312	0.9842452378
2162.585	0.9841657902
2162.58688	0.9831460122
2162.58876	0.9818364633
2162.59064	0.9811823769
2162.59252	0.9804059962
2162.5944	0.9831849627
2162.59628	0.981426164
2162.59816	0.9807694193
2162.60004	0.9807160464
2162.60192	0.9793575945
2162.6038	0.9807317803
2162.60568	0.9815086583
2162.60756	0.9811269785
2162.60944	0.978257168
2162.61132	0.9810528301
2162.6132	0.9788143467
2162.61508	0.9775629665
2162.61696	0.9781301421
2162.61884	0.9782341597
2162.62072	0.9789559669
2162.6226	0.9775723493
2162.62448	0.9765674244
2162.62636	0.9770716621
2162.62824	0.9782587552
2162.63012	0.9743350076
2162.632	0.9738858172
2162.63388	0.9715617849
2162.63576	0.9718964157
2162.63764	0.9648363098
2162.63952	0.9651358381
2162.6414	0.9599681243
2162.64328	0.9578818069
2162.64516	0.9557429836
2162.64704	0.9566614358
2162.64892	0.9507415442
2162.6508	0.9481440404
2162.65268	0.95044216
2162.65456	0.9480480802
2162.65644	0.949032606
2162.65832	0.9502619342
2162.6602	0.9519559084
2162.66208	0.9537384005
2162.66396	0.9565907513
2162.66584	0.9593686134
2162.66772	0.9626127324
2162.6696	0.9641106496
2162.67148	0.9664655036
2162.67336	0.9686405571
2162.67524	0.97253846
2162.67712	0.9738551407
2162.679	0.976109491
2162.68088	0.977450118
2162.68276	0.9796722305
2162.68464	0.9790114254
2162.68652	0.9801450855
2162.6884	0.9785771465
2162.69028	0.9789054182
2162.69216	0.9797141527
2162.69404	0.9786896948
2162.69592	0.9803162333
2162.6978	0.9778479253
2162.69968	0.9786284932
2162.70156	0.9752989978
2162.70344	0.975663333
2162.70532	0.9752584069
2162.7072	0.9740011151
2162.70908	0.9709909395
2162.71096	0.9713138404
2162.71284	0.9705544846
2162.71472	0.9686164877
2162.7166	0.9657817719
2162.71848	0.9644818794
2162.72036	0.9627379462
2162.72224	0.9636982609
2162.72412	0.9639930232
2162.726	0.9618782609
2162.72788	0.9609427391
2162.72976	0.9634488081
2162.73164	0.9649066279
2162.73352	0.9627190242
2162.7354	0.9670498162
2162.73728	0.9707026129
2162.73916	0.971066634
2162.74104	0.972513973
2162.74292	0.9740298154
2162.7448	0.9762499814
2162.74668	0.9756669047
2162.74856	0.9770222998
2162.75044	0.9793675943
2162.75232	0.9792053242
2162.7542	0.9809324663
2162.75608	0.9794150394
2162.75796	0.9826311364
2162.75984	0.9831766056
2162.76172	0.9827572315
2162.7636	0.9832024429
2162.76548	0.984932834
2162.76736	0.9824596724
2162.76924	0.9828211433
2162.77112	0.9827967672
2162.773	0.9835906612
2162.77488	0.9831015653
2162.77676	0.9842241299
2162.77864	0.9835920505
2162.78052	0.9828343742
2162.7824	0.9827615279
2162.78428	0.9855395265
2162.78616	0.9842617169
2162.78804	0.9840889617
2162.78992	0.9843060821
2162.7918	0.9841308323
2162.79368	0.984864734
2162.79556	0.9845182976
2162.79744	0.983154225
2162.79932	0.9826356577
2162.8012	0.9820003127
2162.80308	0.9813591086
2162.80496	0.9834133725
2162.80684	0.9803550214
2162.80872	0.9783558142
2162.8106	0.978466053
2162.81248	0.9772818863
2162.81436	0.9769935428
2162.81624	0.9742225121
2162.81812	0.9739731085
2162.82	0.9720903286
2162.82188	0.9712274272
2162.82376	0.9704540372
2162.82564	0.9696083242
2162.82752	0.9668064868
2162.8294	0.9632860522
2162.83128	0.9633843039
2162.83316	0.96376835
2162.83504	0.9657272181
2162.83692	0.9648720182
2162.8388	0.9663005873
2162.84068	0.9661401071
2162.84256	0.9683675584
2162.84444	0.9701293291
2162.84632	0.9706804995
2162.8482	0.9736565369
2162.85008	0.9756425252
2162.85196	0.9760019728
2162.85384	0.9786229427
2162.85572	0.9805274102
2162.8576	0.9800387715
2162.85948	0.9808822037
2162.86136	0.9813061167
2162.86324	0.9815671374
2162.86512	0.9827662312
2162.867	0.982492594
2162.86888	0.982774879
2162.87076	0.9824022414
2162.87264	0.9816524898
2162.87452	0.9822057877
2162.8764	0.9833861616
2162.87828	0.9817656436
2162.88016	0.9821877008
2162.88204	0.9843767224
2162.88392	0.9837868378
2162.8858	0.9819314533
2162.88768	0.98324012
2162.88956	0.9820495292
2162.89144	0.9844414831
2162.89332	0.9823888127
2162.8952	0.9832553264
2162.89708	0.9847856455
2162.89896	0.9828162695
2162.90084	0.9851958577
2162.90272	0.9833132052
2162.9046	0.9845898696
2162.90648	0.9842496238
2162.90836	0.9846155237
2162.91024	0.9849820753
2162.91212	0.9848200595
2162.914	0.9839005174
2162.91588	0.9857562719
2162.91776	0.9855296187
2162.91964	0.9859663166
2162.92152	0.9858795468
2162.9234	0.9829248119
2162.92528	0.985292448
2162.92716	0.9850178923
2162.92904	0.9828896422
2162.93092	0.9841650328
2162.9328	0.9843220973
2162.93468	0.9820782734
2162.93656	0.9810532392
2162.93844	0.981951126
2162.94032	0.9850540038
2162.9422	0.9825236515
2162.94408	0.9811739513
2162.94596	0.9823046392
2162.94784	0.9817921804
2162.94972	0.9826623162
2162.9516	0.9834646375
2162.95348	0.9811339639
2162.95536	0.9843864983
2162.95724	0.9857638999
2162.95912	0.9844580397
2162.961	0.9845551091
2162.96288	0.9862856419
2162.96476	0.9841497643
2162.96664	0.9843649336
2162.96852	0.9843861874
2162.9704	0.9857590555
2162.97228	0.9864265965
2162.97416	0.9860375441
2162.97604	0.9867556671
2162.97792	0.987099403
2162.9798	0.9868156434
2162.98168	0.9855508483
2162.98356	0.9861241805
2162.98544	0.9876675372
2162.98732	0.9853954605
2162.9892	0.9862085347
2162.99108	0.9860620299
2162.99296	0.9863141798
2162.99484	0.9854308079
2162.99672	0.9851659104
2162.9986	0.9890757256
2163.00048	0.9874651374
2163.00236	0.9858005102
2163.00424	0.9864421976
2163.00612	0.9871601033
2163.008	0.9861164576
2163.00988	0.9870481791
2163.01176	0.985782932
2163.01364	0.9860010481
2163.01552	0.9862301234
2163.0174	0.9858050223
2163.01928	0.9837469718
2163.02116	0.9861442694
2163.02304	0.9862893302
2163.02492	0.9863838659
2163.0268	0.9847620266
2163.02868	0.9859085467
2163.03056	0.98553901
2163.03244	0.983253719
2163.03432	0.9824489976
2163.0362	0.9846740961
2163.03808	0.9826978204
2163.03996	0.9840085359
2163.04184	0.9843959952
2163.04372	0.9808172779
2163.0456	0.9797566023
2163.04748	0.9793950247
2163.04936	0.9789785667
2163.05124	0.9760303396
2163.05312	0.9772750631
2163.055	0.9759262083
2163.05688	0.9745872629
2163.05876	0.9725059595
2163.06064	0.973250153
2163.06252	0.9726806546
2163.0644	0.9703367777
2163.06628	0.9735802293
2163.06816	0.9713783694
2163.07004	0.9724611002
2163.07192	0.9721805535
2163.0738	0.9738681326
2163.07568	0.9755479246
2163.07756	0.9745670385
2163.07944	0.9747441977
2163.08132	0.9769732084
2163.0832	0.9771048255
2163.08508	0.9785771564
2163.08696	0.9800534618
2163.08884	0.9808696034
2163.09072	0.9828860456
2163.0926	0.9811544646
2163.09448	0.9830169216
2163.09636	0.9825845191
2163.09824	0.9848301418
2163.10012	0.986322586
2163.102	0.9843949262
2163.10388	0.986036562
2163.10576	0.9840826249
2163.10764	0.9832463804
2163.10952	0.9837920672
2163.1114	0.9836838383
2163.11328	0.9844916984
2163.11516	0.9853719848
2163.11704	0.9869094027
2163.11892	0.9865869271
2163.1208	0.9864588763
2163.12268	0.9856593541
2163.12456	0.9854290673
2163.12644	0.9862320083
2163.12832	0.9863642136
2163.1302	0.9864910576
2163.13208	0.9865958956
2163.13396	0.986078812
2163.13584	0.9842282546
2163.13772	0.9849810112
2163.1396	0.9852037824
2163.14148	0.9876523018
2163.14336	0.9854508662
2163.14524	0.9864752946
2163.14712	0.9871889166
2163.149	0.9859868849
2163.15088	0.9851954929
2163.15276	0.9852365574
2163.15464	0.9844559684
2163.15652	0.9857406206
2163.1584	0.986524969
2163.16028	0.9859367584
2163.16216	0.9861158804
2163.16404	0.9860481298
2163.16592	0.9873295343
2163.1678	0.9846968443
2163.16968	0.9855041635
2163.17156	0.9860791124
2163.17344	0.9866584867
2163.17532	0.9830305024
2163.1772	0.9849900247
2163.17908	0.9853627463
2163.18096	0.9846022915
2163.18284	0.9865378827
2163.18472	0.9859646876
2163.1866	0.9853982218
2163.18848	0.9842026198
2163.19036	0.9845484111
2163.19224	0.9849170391
2163.19412	0.9863844861
2163.196	0.9847378353
2163.19788	0.9839184834
2163.19976	0.9845726476
2163.20164	0.9854793728
2163.20352	0.9878012519
2163.2054	0.9886974588
2163.20728	0.9857920088
2163.20916	0.9873037277
2163.21104	0.9878538258
2163.21292	0.9878333723
2163.2148	0.9865288724
2163.21668	0.9854383802
2163.21856	0.9863427473
2163.22044	0.9850537968
2163.22232	0.9872321798
2163.2242	0.9878412298
2163.22608	0.9852330319
2163.22796	0.9871285107
2163.22984	0.9875189613
2163.23172	0.9885141567
2163.2336	0.9886736786
2163.23548	0.988118604
2163.23736	0.9866452091
2163.23924	0.9869709552
2163.24112	0.9885442713
2163.243	0.986728674
2163.24488	0.9872812727
2163.24676	0.9888676872
2163.24864	0.9874119714
2163.25052	0.9858793564
2163.2524	0.9869186149
2163.25428	0.9878017098
2163.25616	0.9869052034
2163.25804	0.9881721258
2163.25992	0.988188094
2163.2618	0.9861296017
2163.26368	0.9861306761
2163.26556	0.9863660519
2163.26744	0.9850909881
2163.26932	0.986485313
2163.2712	0.9857416069
2163.27308	0.9865290135
2163.27496	0.9849814442
2163.27684	0.9845629933
2163.27872	0.9871718518
2163.2806	0.9843811469
2163.28248	0.9846397694
2163.28436	0.9844974272
2163.28624	0.9849687874
2163.28812	0.9844372594
2163.29	0.9854203514
2163.29188	0.9848992563
2163.29376	0.9853462627
2163.29564	0.9862982392
2163.29752	0.9868154149
2163.2994	0.986758434
2163.30128	0.98572589
2163.30316	0.987017124
2163.30504	0.986640843
2163.30692	0.9867769897
2163.3088	0.9852625593
2163.31068	0.9877378127
2163.31256	0.9869903127
2163.31444	0.9888843074
2163.31632	0.9878545207
2163.3182	0.9861263107
2163.32008	0.9858945554
2163.32196	0.9884400376
2163.32384	0.9864368297
2163.32572	0.988020094
2163.3276	0.9870599588
2163.32948	0.9894901359
2163.33136	0.9874912894
2163.33324	0.9889495829
2163.33512	0.9887875253
2163.337	0.9870081623
2163.33888	0.9871552425
2163.34076	0.9889796396
2163.34264	0.9875036524
2163.34452	0.9866409262
2163.3464	0.988719687
2163.34828	0.9900951109
2163.35016	0.9874907109
2163.35204	0.9889356569
2163.35392	0.9873784929
2163.3558	0.9888974946
2163.35768	0.9872986663
2163.35956	0.9888626663
2163.36144	0.9880607439
2163.36332	0.9873152607
2163.3652	0.9877135975
2163.36708	0.9869102593
2163.36896	0.9863005565
2163.37084	0.9863445448
2163.37272	0.9873188177
2163.3746	0.9862921405
2163.37648	0.9877634867
2163.37836	0.9878245376
2163.38024	0.9877277163
2163.38212	0.9867157517
2163.384	0.9872146158
2163.38588	0.9870651951
2163.38776	0.988332398
2163.38964	0.9861046114
2163.39152	0.9864106243
2163.3934	0.9864227618
2163.39528	0.9863464366
2163.39716	0.9855368359
2163.39904	0.9854088779
2163.40092	0.9867484411
2163.4028	0.9847186923
2163.40468	0.9858183432
2163.40656	0.9863890225
2163.40844	0.9849863395
2163.41032	0.9811527932
2163.4122	0.9828918607
2163.41408	0.9816636052
2163.41596	0.9807195527
2163.41784	0.9774759292
2163.41972	0.978744889
2163.4216	0.9757485954
2163.42348	0.9769684615
2163.42536	0.9755733608
2163.42724	0.9758742017
2163.42912	0.971755236
2163.431	0.9694266145
2163.43288	0.9707991238
2163.43476	0.9694111834
2163.43664	0.9669332931
2163.43852	0.967462494
2163.4404	0.9656049948
2163.44228	0.9625047891
2163.44416	0.9624249795
2163.44604	0.9614703655
2163.44792	0.9611556966
2163.4498	0.9610645792
2163.45168	0.9600850758
2163.45356	0.9608211024
2163.45544	0.9621885723
2163.45732	0.9624411168
2163.4592	0.963469984
2163.46108	0.9649282147
2163.46296	0.9668332698
2163.46484	0.9668597561
2163.46672	0.9708484079
2163.4686	0.9715730636
2163.47048	0.9745608242
2163.47236	0.9747233797
2163.47424	0.9787092637
2163.47612	0.979441975
2163.478	0.9790893961
2163.47988	0.9817332845
2163.48176	0.9816234473
2163.48364	0.9849211025
2163.48552	0.9842167757
2163.4874	0.9834255372
2163.48928	0.9848532993
2163.49116	0.9849271336
2163.49304	0.9864276949
2163.49492	0.9858043681
2163.4968	0.9861341871
2163.49868	0.9846352231
2163.50056	0.9866443367
