# Simulated transmittance (simulate_spectrum.py, HAPI line-by-line)
# line list Input\HITRAN\N2O_2214.00-2221.00.data
# ILS Input\ILS_LINEFIT.txt
# ppm 500   T 297.15 K   P 9456.5556 Pa   L 316.9 cm
# baseline 0.985 + 0.002*(v - 2217.75)   noise 0.001   seed 1
# wavenumber_cm-1	transmittance
2215.5	0.9575381358
2215.50188	0.9557989978
2215.50376	0.9529366166
2215.50564	0.9488404787
2215.50752	0.9485769767
2215.5094	0.9457307307
2215.51128	0.9425471222
2215.51316	0.9417524613
2215.51504	0.940005167
2215.51692	0.9388646542
2215.5188	0.9380450181
2215.52068	0.9385577875
2215.52256	0.9378153175
2215.52444	0.9394476564
2215.52632	0.9406487873
2215.5282	0.9436321529
2215.53008	0.945264639
2215.53196	0.9473099435
2215.53384	0.9492822078
2215.53572	0.9522578122
2215.5376	0.9548816006
2215.53948	0.9567985431
2215.54136	0.9603664866
2215.54324	0.9618485701
2215.54512	0.9596629036
2215.547	0.9617868684
2215.54888	0.9645885996
2215.55076	0.9652390643
2215.55264	0.966609466
2215.55452	0.9672110927
2215.5564	0.969597621
2215.55828	0.9667624568
2215.56016	0.9678179755
2215.56204	0.9704995931
2215.56392	0.9693160931
2215.5658	0.9695056582
2215.56768	0.9684702255
2215.56956	0.9674534497
2215.57144	0.9693682334
2215.57332	0.9693964858
2215.5752	0.9681386809
2215.57708	0.9687561912
2215.57896	0.9694370503
2215.58084	0.9686302473
2215.58272	0.96953759
2215.5846	0.9697851646
2215.58648	0.9697698449
2215.58836	0.9692616144
2215.59024	0.9703835271
2215.59212	0.9706913913
2215.594	0.9701216228
2215.59588	0.9689755823
2215.59776	0.9705138916
2215.59964	0.9692673727
2215.60152	0.9706348424
2215.6034	0.9686721898
2215.60528	0.970648123
2215.60716	0.9697034969
2215.60904	0.9684630035
2215.61092	0.9693820801
2215.6128	0.9697283359
2215.61468	0.9699179527
2215.61656	0.9686262992
2215.61844	0.9684576045
2215.62032	0.9697159228
2215.6222	0.9689980663
2215.62408	0.9696481806
2215.62596	0.9701212058
2215.62784	0.9676639095
2215.62972	0.9695197897
2215.6316	0.9704430164
2215.63348	0.9688717766
2215.63536	0.9683047113
2215.63724	0.9698067268
2215.63912	0.9692377239
2215.641	0.9697999227
2215.64288	0.9684687381
2215.64476	0.9672334465
2215.64664	0.968499729
2215.64852	0.9680533849
2215.6504	0.9691603096
2215.65228	0.9684609258
2215.65416	0.9665141882
2215.65604	0.9668204833
2215.65792	0.9687590404
2215.6598	0.9683988049
2215.66168	0.966901188
2215.66356	0.9673356065
2215.66544	0.9675439991
2215.66732	0.9672882801
2215.6692	0.9673693114
2215.67108	0.9663642179
2215.67296	0.965556547
2215.67484	0.9648489345
2215.67672	0.9655132585
2215.6786	0.9614279435
2215.68048	0.9626090957
2215.68236	0.9616761713
2215.68424	0.9589218725
2215.68612	0.9591832624
2215.688	0.9565041251
2215.68988	0.9561403563
2215.69176	0.9531262234
2215.69364	0.9517956923
2215.69552	0.950186146
2215.6974	0.9472343676
2215.69928	0.9439889887
2215.70116	0.9415791044
2215.70304	0.9433731729
2215.70492	0.9404024296
2215.7068	0.9391376534
2215.70868	0.9397331974
2215.71056	0.9396132567
2215.71244	0.9413062085
2215.71432	0.9415273963
2215.7162	0.9428730317
2215.71808	0.9437614988
2215.71996	0.946728497
2215.72184	0.947089818
2215.72372	0.9506567372
2215.7256	0.9533152048
2215.72748	0.9519439736
2215.72936	0.9525171212
2215.73124	0.9569274659
2215.73312	0.9599885463
2215.735	0.9573757543
2215.73688	0.9578793118
2215.73876	0.9603088197
2215.74064	0.9593267152
2215.74252	0.9599889899
2215.7444	0.9603755397
2215.74628	0.9614032008
2215.74816	0.9605476577
2215.75004	0.9612583273
2215.75192	0.9607858449
2215.7538	0.9600605262
2215.75568	0.9604935541
2215.75756	0.9597401974
2215.75944	0.9605461188
2215.76132	0.9592389178
2215.7632	0.9590692593
2215.76508	0.9613959706
2215.76696	0.9596408284
2215.76884	0.9593726076
2215.77072	0.9596459457
2215.7726	0.9583931253
2215.77448	0.9582309581
2215.77636	0.9584889942
2215.77824	0.9579007728
2215.78012	0.9559543399
2215.782	0.9573737498
2215.78388	0.9552992433
2215.78576	0.9540987734
2215.78764	0.953430898
2215.78952	0.9530277081
2215.7914	0.9540460351
2215.79328	0.9501644391
2215.79516	0.9503545365
2215.79704	0.9468607943
2215.79892	0.947771482
2215.8008	0.9474411541
2215.80268	0.9450936977
2215.80456	0.9435366934
2215.80644	0.9433059675
2215.80832	0.9427784725
2215.8102	0.9418588176
2215.81208	0.9424091238
2215.81396	0.9400144969
2215.81584	0.9387033795
2215.81772	0.9387675112
2215.8196	0.938503232
2215.82148	0.9384226451
2215.82336	0.938044865
2215.82524	0.9379984618
2215.82712	0.9358589149
2215.829	0.9379914387
2215.83088	0.9361222002
2215.83276	0.9349461692
2215.83464	0.9360574898
2215.83652	0.9359131532
2215.8384	0.9341438053
2215.84028	0.9327515008
2215.84216	0.9304904063
2215.84404	0.9330259681
2215.84592	0.9296709184
2215.8478	0.9261944445
2215.84968	0.9250026653
2215.85156	0.9242202618
2215.85344	0.9208265126
2215.85532	0.9206889375
2215.8572	0.9180861071
2215.85908	0.9176770124
2215.86096	0.9151962741
2215.86284	0.9091811758
2215.86472	0.9094649753
2215.8666	0.9052059567
2215.86848	0.9051965109
2215.87036	0.901374051
2215.87224	0.89871707
2215.87412	0.893894867
2215.876	0.8933908751
2215.87788	0.8899751462
2215.87976	0.8830529026
2215.88164	0.8804010901
2215.88352	0.8749922919
2215.8854	0.8709856974
2215.88728	0.864770829
2215.88916	0.8625928897
2215.89104	0.854081345
2215.89292	0.8486843544
2215.8948	0.8429817233
2215.89668	0.8348570317
2215.89856	0.8277656103
2215.90044	0.8193581017
2215.90232	0.8110559568
2215.9042	0.8005669264
2215.90608	0.7910461317
2215.90796	0.7801422405
2215.90984	0.7679072622
2215.91172	0.7551208197
2215.9136	0.740426736
2215.91548	0.7258484644
2215.91736	0.7077614481
2215.91924	0.6894351273
2215.92112	0.6687818986
2215.923	0.6470874778
2215.92488	0.6227218505
2215.92676	0.5990424313
2215.92864	0.5700742174
2215.93052	0.5413697484
2215.9324	0.5116981327
2215.93428	0.4794692394
2215.93616	0.4451669473
2215.93804	0.4091514433
2215.93992	0.3766959931
2215.9418	0.3415881637
2215.94368	0.3053986272
2215.94556	0.2739808089
2215.94744	0.2403058249
2215.94932	0.209518637
2215.9512	0.1826046221
2215.95308	0.1567525916
2215.95496	0.1343437081
2215.95684	0.1126977925
2215.95872	0.09930829718
2215.9606	0.08311334578
2215.96248	0.07137977878
2215.96436	0.06560755701
2215.96624	0.05944076554
2215.96812	0.0575154354
2215.97	0.05667948582
2215.97188	0.05909447925
2215.97376	0.06371460537
2215.97564	0.06913088908
2215.97752	0.07899743545
2215.9794	0.08828412034
2215.98128	0.1003125227
2215.98316	0.1156773977
2215.98504	0.1324718498
2215.98692	0.1502443832
2215.9888	0.1700730364
2215.99068	0.1940190134
2215.99256	0.2160392617
2215.99444	0.243012379
2215.99632	0.2720233362
2215.9982	0.3000592942
2216.00008	0.3321377573
2216.00196	0.3636956163
2216.00384	0.3969081012
2216.00572	0.4276079719
2216.0076	0.4602892792
2216.00948	0.4931456959
2216.01136	0.5214083258
2216.01324	0.5568587521
2216.01512	0.5815265705
2216.017	0.6083331119
2216.01888	0.6349834427
2216.02076	0.6572954188
2216.02264	0.6769039503
2216.02452	0.6988338265
2216.0264	0.7168491554
2216.02828	0.7317026739
2216.03016	0.7465447733
2216.03204	0.7606415948
2216.03392	0.7713746137
2216.0358	0.7837851142
2216.03768	0.793662576
2216.03956	0.8020697982
2216.04144	0.8098900461
2216.04332	0.8189300945
2216.0452	0.8255605828
2216.04708	0.8341828811
2216.04896	0.8395929269
2216.05084	0.8460682378
2216.05272	0.8508726152
2216.0546	0.8561079331
2216.05648	0.8598578384
2216.05836	0.8658246256
2216.06024	0.8712008075
2216.06212	0.8731293407
2216.064	0.8766484612
2216.06588	0.8806763125
2216.06776	0.8837480727
2216.06964	0.8867350996
2216.07152	0.8906047584
2216.0734	0.8930405696
2216.07528	0.8974824519
2216.07716	0.8986173263
2216.07904	0.9013892053
2216.08092	0.9043525628
2216.0828	0.9053328731
2216.08468	0.9092089092
2216.08656	0.9091892861
2216.08844	0.9109775151
2216.09032	0.9132987701
2216.0922	0.9153455118
2216.09408	0.91577038
2216.09596	0.9187664034
2216.09784	0.9186851811
2216.09972	0.9232222403
2216.1016	0.9231591956
2216.10348	0.9239476446
2216.10536	0.9249770431
2216.10724	0.9267487217
2216.10912	0.9281138581
2216.111	0.928454222
2216.11288	0.9296983347
2216.11476	0.9315061851
2216.11664	0.9322004788
2216.11852	0.9346376257
2216.1204	0.9357596733
2216.12228	0.9355047213
2216.12416	0.9367710648
2216.12604	0.9357109226
2216.12792	0.938369257
2216.1298	0.9383192436
2216.13168	0.9393759415
2216.13356	0.9409439063
2216.13544	0.9374075974
2216.13732	0.9401641561
2216.1392	0.9388627928
2216.14108	0.9404283486
2216.14296	0.9381875518
2216.14484	0.938439573
2216.14672	0.9383296806
2216.1486	0.9376920002
2216.15048	0.9358800614
2216.15236	0.9335493104
2216.15424	0.9321864657
2216.15612	0.9319509655
2216.158	0.9293967852
2216.15988	0.9261536715
2216.16176	0.9273080268
2216.16364	0.9257892587
2216.16552	0.9255170271
2216.1674	0.9240027819
2216.16928	0.9253338863
2216.17116	0.9240980753
2216.17304	0.9268632758
2216.17492	0.9273845971
2216.1768	0.9305216472
2216.17868	0.933142799
2216.18056	0.9339200923
2216.18244	0.9372605105
2216.18432	0.940051157
2216.1862	0.943862924
2216.18808	0.9459332981
2216.18996	0.9463863774
2216.19184	0.9502416627
2216.19372	0.9524831942
2216.1956	0.9555883377
2216.19748	0.9532923868
2216.19936	0.9557421574
2216.20124	0.9587420994
2216.20312	0.9570326997
2216.205	0.9580410288
2216.20688	0.9605052839
2216.20876	0.9616679604
2216.21064	0.9605701891
2216.21252	0.9623077433
2216.2144	0.9623620452
2216.21628	0.9641976078
2216.21816	0.9630745856
2216.22004	0.9644335103
2216.22192	0.9628832795
2216.2238	0.9639260058
2216.22568	0.9643242303
2216.22756	0.9658586452
2216.22944	0.9655877327
2216.23132	0.964535032
2216.2332	0.9662366298
2216.23508	0.9665809519
2216.23696	0.9659408935
2216.23884	0.9660229533
2216.24072	0.9663010094
2216.2426	0.9650014497
2216.24448	0.967076339
2216.24636	0.9673055236
2216.24824	0.9663835667
2216.25012	0.9681666241
2216.252	0.96622448
2216.25388	0.9672172527
2216.25576	0.96746295
2216.25764	0.9700906047
2216.25952	0.9666626368
2216.2614	0.9689751101
2216.26328	0.9694958569
2216.26516	0.9690629613
2216.26704	0.9699894023
2216.26892	0.9679196055
2216.2708	0.9667513485
2216.27268	0.9699044364
2216.27456	0.9680464723
2216.27644	0.9690204232
2216.27832	0.9682725487
2216.2802	0.9706075865
2216.28208	0.970521961
2216.28396	0.9690340841
2216.28584	0.9707488433
2216.28772	0.9700503141
2216.2896	0.9698652985
2216.29148	0.9701301449
2216.29336	0.9699318197
2216.29524	0.9708072049
2216.29712	0.970558168
2216.299	0.969953867
2216.30088	0.9713661774
2216.30276	0.969806274
2216.30464	0.9707628548
2216.30652	0.9709547877
2216.3084	0.9720643603
2216.31028	0.9701268213
2216.31216	0.972413916
2216.31404	0.9708762897
2216.31592	0.9705260701
2216.3178	0.9700590538
2216.31968	0.9713224538
2216.32156	0.970784803
2216.32344	0.9696286314
2216.32532	0.9695981959
2216.3272	0.9701615052
2216.32908	0.9700273043
2216.33096	0.971772232
2216.33284	0.9720243183
2216.33472	0.9714676164
2216.3366	0.9708854748
2216.33848	0.9700005851
2216.34036	0.9703514183
2216.34224	0.9710098106
2216.34412	0.972035951
2216.346	0.970538861
2216.34788	0.9689934344
2216.34976	0.9688695763
2216.35164	0.9677955764
2216.35352	0.9668080288
2216.3554	0.9665610408
2216.35728	0.965916197
2216.35916	0.9663373019
2216.36104	0.963132734
2216.36292	0.9628217539
2216.3648	0.9614413728
2216.36668	0.9578248548
2216.36856	0.9573430613
2216.37044	0.9544244627
2216.37232	0.9513306598
2216.3742	0.9502014318
2216.37608	0.9483829094
2216.37796	0.946864609
2216.37984	0.9460141789
2216.38172	0.9458989567
2216.3836	0.9461794506
2216.38548	0.9453009497
2216.38736	0.9470397074
2216.38924	0.9467659807
2216.39112	0.9500983698
2216.393	0.9522415363
2216.39488	0.953709639
2216.39676	0.9558219425
2216.39864	0.9581012835
2216.40052	0.9587390734
2216.4024	0.9609228619
2216.40428	0.9632575719
2216.40616	0.9651397674
2216.40804	0.9657230738
2216.40992	0.9688748134
2216.4118	0.9670408841
2216.41368	0.9687749203
2216.41556	0.9695366004
2216.41744	0.9684985711
2216.41932	0.9680554994
2216.4212	0.9678278356
2216.42308	0.9692029316
2216.42496	0.9700801698
2216.42684	0.9690711232
2216.42872	0.968704493
2216.4306	0.9677921185
2216.43248	0.9682878057
2216.43436	0.9650759628
2216.43624	0.9668771247
2216.43812	0.9660769738
2216.44	0.9640805302
2216.44188	0.9670555232
2216.44376	0.9629778536
2216.44564	0.9628572318
2216.44752	0.9624116461
2216.4494	0.9645273323
2216.45128	0.9624726889
2216.45316	0.9641164991
2216.45504	0.9642627888
2216.45692	0.9642921059
2216.4588	0.96319433
2216.46068	0.9644497004
2216.46256	0.9673591402
2216.46444	0.9650567704
2216.46632	0.9661877996
2216.4682	0.9675149001
2216.47008	0.9691082847
2216.47196	0.9691211805
2216.47384	0.9701185496
2216.47572	0.968746975
2216.4776	0.9711268396
2216.47948	0.9710518821
2216.48136	0.9691287773
2216.48324	0.9724516504
2216.48512	0.9733495503
2216.487	0.9703999289
2216.48888	0.9713090898
2216.49076	0.9727156832
2216.49264	0.9698861471
2216.49452	0.9694137934
2216.4964	0.9701316802
2216.49828	0.9708758891
2216.50016	0.9708686091
2216.50204	0.9720486546
2216.50392	0.9716950247
2216.5058	0.9701577441
2216.50768	0.9719422463
2216.50956	0.9732154967
2216.51144	0.9725021704
2216.51332	0.9722583431
2216.5152	0.971248602
2216.51708	0.9721722368
2216.51896	0.9701809106
2216.52084	0.9718535397
2216.52272	0.9709664344
2216.5246	0.9721302666
2216.52648	0.9714048771
2216.52836	0.9697823652
2216.53024	0.9709281817
2216.53212	0.9719421459
2216.534	0.9695156644
2216.53588	0.9700052612
2216.53776	0.9697145963
2216.53964	0.9689060032
2216.54152	0.9712802166
2216.5434	0.9715449363
2216.54528	0.9709449731
2216.54716	0.9702926322
2216.54904	0.9698953951
2216.55092	0.9700745516
2216.5528	0.9689798593
2216.55468	0.9704676929
2216.55656	0.9704650086
2216.55844	0.9701766511
2216.56032	0.9685106453
2216.5622	0.9688823416
2216.56408	0.9683547745
2216.56596	0.9699677152
2216.56784	0.9679450535
2216.56972	0.9653820156
2216.5716	0.9670592257
2216.57348	0.9678238552
2216.57536	0.9657825982
2216.57724	0.9650027627
2216.57912	0.9630574543
2216.581	0.9598312047
2216.58288	0.9586761227
2216.58476	0.9578567808
2216.58664	0.9575632467
2216.58852	0.9566047462
2216.5904	0.9556574802
2216.59228	0.9534234663
2216.59416	0.9536897801
2216.59604	0.9516400723
2216.59792	0.9506546135
2216.5998	0.9519223938
2216.60168	0.9501466712
2216.60356	0.9485887614
2216.60544	0.9507552063
2216.60732	0.9526078695
2216.6092	0.9502843867
2216.61108	0.9539575169
2216.61296	0.9549774642
2216.61484	0.9548725831
2216.61672	0.9557572372
2216.6186	0.9576355272
2216.62048	0.9583029869
2216.62236	0.9607437967
2216.62424	0.9603707841
2216.62612	0.9588097358
2216.628	0.9598231008
2216.62988	0.9615746907
2216.63176	0.9628759156
2216.63364	0.9614082063
2216.63552	0.9613170623
2216.6374	0.9628042887
2216.63928	0.9608180431
2216.64116	0.9603948878
2216.64304	0.9591245522
2216.64492	0.9598325168
2216.6468	0.9623083325
2216.64868	0.9584696474
2216.65056	0.959642578
2216.65244	0.9579406632
2216.65432	0.9591711181
2216.6562	0.9595976583
2216.65808	0.9581043647
2216.65996	0.9586839862
2216.66184	0.958244704
2216.66372	0.9575032674
2216.6656	0.9582654199
2216.66748	0.9567803644
2216.66936	0.9551082265
2216.67124	0.9541032917
2216.67312	0.9532690768
2216.675	0.9538796705
2216.67688	0.9523275391
2216.67876	0.9545843684
2216.68064	0.9528553779
2216.68252	0.9499065816
2216.6844	0.9488468429
2216.68628	0.9498632677
2216.68816	0.9452250451
2216.69004	0.9455258572
2216.69192	0.9457263539
2216.6938	0.942586193
2216.69568	0.9416627224
2216.69756	0.9403418785
2216.69944	0.9398109476
2216.70132	0.9376380316
2216.7032	0.9361337386
2216.70508	0.9344229277
2216.70696	0.9318009099
2216.70884	0.9306506402
2216.71072	0.9263811252
2216.7126	0.9230160688
2216.71448	0.9197530204
2216.71636	0.9166799877
2216.71824	0.9141600788
2216.72012	0.9117203784
2216.722	0.9063300297
2216.72388	0.9004000819
2216.72576	0.8940237099
2216.72764	0.8877598701
2216.72952	0.8800098918
2216.7314	0.8707205115
2216.73328	0.8592742064
2216.73516	0.8480214727
2216.73704	0.8355045171
2216.73892	0.816373143
2216.7408	0.8003683036
2216.74268	0.7785390593
2216.74456	0.7589807551
2216.74644	0.7344546541
2216.74832	0.7080795982
2216.7502	0.6841865481
2216.75208	0.6592735225
2216.75396	0.6309659221
2216.75584	0.606090472
2216.75772	0.5802735481
2216.7596	0.5556159954
2216.76148	0.5383528751
2216.76336	0.5207471924
2216.76524	0.5066925946
2216.76712	0.4999523497
2216.769	0.4946707834
2216.77088	0.4933281599
2216.77276	0.4982944739
2216.77464	0.503953885
2216.77652	0.5162691799
2216.7784	0.5283351944
2216.78028	0.545685585
2216.78216	0.5614503019
2216.78404	0.582249584
2216.78592	0.5993252792
2216.7878	0.6182505073
2216.78968	0.6325737216
2216.79156	0.6478244208
2216.79344	0.6619563811
2216.79532	0.6687976587
2216.7972	0.6783174748
2216.79908	0.6855695283
2216.80096	0.6874632311
2216.80284	0.6877971702
2216.80472	0.6837874049
2216.8066	0.6795262612
2216.80848	0.6707964173
2216.81036	0.6605384473
2216.81224	0.648491088
2216.81412	0.6358462559
2216.816	0.6200123285
2216.81788	0.6020203803
2216.81976	0.5790944439
2216.82164	0.5585142211
2216.82352	0.5357276786
2216.8254	0.5102257148
2216.82728	0.4810731928
2216.82916	0.4507226432
2216.83104	0.4177436417
2216.83292	0.3893897365
2216.8348	0.3528806248
2216.83668	0.322066375
2216.83856	0.2886635365
2216.84044	0.2549610146
2216.84232	0.2230998651
2216.8442	0.1946910735
2216.84608	0.1666583586
2216.84796	0.1440729451
2216.84984	0.1228957366
2216.85172	0.1058436041
2216.8536	0.09220714454
2216.85548	0.08261962605
2216.85736	0.07389500019
2216.85924	0.0725610804
2216.86112	0.07183220298
2216.863	0.07670545588
2216.86488	0.08582302475
2216.86676	0.09808952733
2216.86864	0.1163776219
2216.87052	0.1361852785
2216.8724	0.1597117812
2216.87428	0.184631844
2216.87616	0.2138211237
2216.87804	0.2441177612
2216.87992	0.276482994
2216.8818	0.3122972676
2216.88368	0.3470936198
2216.88556	0.3809305947
2216.88744	0.4175821263
2216.88932	0.4495153981
2216.8912	0.4842591457
2216.89308	0.5155929587
2216.89496	0.545856722
2216.89684	0.5736832907
2216.89872	0.6022333807
2216.9006	0.6264765136
2216.90248	0.6498597338
2216.90436	0.6697848003
2216.90624	0.687637234
2216.90812	0.7062518395
2216.91	0.7216721287
2216.91188	0.738195371
2216.91376	0.7526085904
2216.91564	0.7642735662
2216.91752	0.7748847481
2216.9194	0.7857460412
2216.92128	0.7961306019
2216.92316	0.8035550075
2216.92504	0.8135618616
2216.92692	0.8214252579
2216.9288	0.8279576217
2216.93068	0.8348694154
2216.93256	0.8417976512
2216.93444	0.8467366316
2216.93632	0.8522884831
2216.9382	0.859095057
2216.94008	0.8634211365
2216.94196	0.8694613884
2216.94384	0.8711045688
2216.94572	0.8743687604
2216.9476	0.8809150778
2216.94948	0.8845456515
2216.95136	0.8862725117
2216.95324	0.8887886754
2216.95512	0.8932933556
2216.957	0.8945200075
2216.95888	0.8987174308
2216.96076	0.8995272771
2216.96264	0.9039904733
2216.96452	0.9045008894
2216.9664	0.9086566566
2216.96828	0.9125686563
2216.97016	0.9128355191
2216.97204	0.9158250235
2216.97392	0.9162764031
2216.9758	0.9178071977
2216.97768	0.9189080642
2216.97956	0.9230839826
2216.98144	0.9235577714
2216.98332	0.926746634
2216.9852	0.9253914008
2216.98708	0.9277302413
2216.98896	0.9293534512
2216.99084	0.9319461189
2216.99272	0.9335564593
2216.9946	0.9322306782
2216.99648	0.9328384204
2216.99836	0.9332799011
2217.00024	0.9373518467
2217.00212	0.9368820815
2217.004	0.9372302976
2217.00588	0.9386871273
2217.00776	0.9369857641
2217.00964	0.9385608741
2217.01152	0.9418901549
2217.0134	0.9419327224
2217.01528	0.9421675906
2217.01716	0.9413793921
2217.01904	0.9431969296
2217.02092	0.9444625948
2217.0228	0.94136349
2217.02468	0.9423186438
2217.02656	0.9413854351
2217.02844	0.9414930068
2217.03032	0.9402569086
2217.0322	0.9390225485
2217.03408	0.9370596993
2217.03596	0.9365894267
2217.03784	0.9346039249
2217.03972	0.9337051808
2217.0416	0.9325191963
2217.04348	0.9321464413
2217.04536	0.9300717096
2217.04724	0.9298088868
2217.04912	0.9310448212
2217.051	0.9299800439
2217.05288	0.9305474188
2217.05476	0.9326423862
2217.05664	0.9333295535
2217.05852	0.9346714917
2217.0604	0.9364912
2217.06228	0.9368112811
2217.06416	0.940305028
2217.06604	0.9429123803
2217.06792	0.9438110323
2217.0698	0.9431886059
2217.07168	0.9464033037
2217.07356	0.9464552129
2217.07544	0.9482609455
2217.07732	0.9496600305
2217.0792	0.9493291317
2217.08108	0.9528276826
2217.08296	0.9523986435
2217.08484	0.9542583902
2217.08672	0.955130199
2217.0886	0.9568984811
2217.09048	0.957825707
2217.09236	0.956244818
2217.09424	0.9588339151
2217.09612	0.9576963011
2217.098	0.9603763659
2217.09988	0.9624682834
2217.10176	0.9635275597
2217.10364	0.9646877332
2217.10552	0.9637318653
2217.1074	0.965067682
2217.10928	0.965416723
2217.11116	0.967097901
2217.11304	0.9678768394
2217.11492	0.9663395849
2217.1168	0.9708501279
2217.11868	0.9673922801
2217.12056	0.9673262827
2217.12244	0.9685610314
2217.12432	0.9689638261
2217.1262	0.9689754901
2217.12808	0.9679874965
2217.12996	0.9703064919
2217.13184	0.9690757829
2217.13372	0.9707421793
2217.1356	0.9707762005
2217.13748	0.9682854708
2217.13936	0.9687510941
2217.14124	0.9688975731
2217.14312	0.9703092364
2217.145	0.9702673583
2217.14688	0.9706278477
2217.14876	0.9696845189
2217.15064	0.9710539416
2217.15252	0.9721553775
2217.1544	0.9695357074
2217.15628	0.9707916554
2217.15816	0.9713509118
2217.16004	0.9710861062
2217.16192	0.9711307632
2217.1638	0.9732063203
2217.16568	0.9728261251
2217.16756	0.9724915517
2217.16944	0.9709725887
2217.17132	0.9740585479
2217.1732	0.9722532895
2217.17508	0.9713806716
2217.17696	0.9716806103
2217.17884	0.9715826633
2217.18072	0.9742437809
2217.1826	0.9723760983
2217.18448	0.9722797144
2217.18636	0.9701065674
2217.18824	0.9730355915
2217.19012	0.9712724172
2217.192	0.9712238155
2217.19388	0.9729767809
2217.19576	0.9714957945
2217.19764	0.9731714016
2217.19952	0.9734119351
2217.2014	0.9704294921
2217.20328	0.9719809783
2217.20516	0.9704044387
2217.20704	0.9717317261
2217.20892	0.9724645389
2217.2108	0.9698776737
2217.21268	0.9726487489
2217.21456	0.9700423097
2217.21644	0.9685667327
2217.21832	0.9689043421
2217.2202	0.9689803918
2217.22208	0.9658572671
2217.22396	0.9661857417
2217.22584	0.9636891094
2217.22772	0.9651101098
2217.2296	0.9629122812
2217.23148	0.9612410526
2217.23336	0.9617189921
2217.23524	0.9585707638
2217.23712	0.9588432631
2217.239	0.9606951502
2217.24088	0.9585948999
2217.24276	0.9602092902
2217.24464	0.9594370807
2217.24652	0.9591645874
2217.2484	0.9604387196
2217.25028	0.9617369391
2217.25216	0.9623290716
2217.25404	0.9630467718
2217.25592	0.9642262571
2217.2578	0.9646235857
2217.25968	0.9672440852
2217.26156	0.9684571909
2217.26344	0.969631005
2217.26532	0.9677781469
2217.2672	0.9709783198
2217.26908	0.9706393187
2217.27096	0.9696203745
2217.27284	0.9714623797
2217.27472	0.9724322873
2217.2766	0.972344247
2217.27848	0.9727133442
2217.28036	0.9730707373
2217.28224	0.97313672
2217.28412	0.9723037851
2217.286	0.9703425337
2217.28788	0.9717412523
2217.28976	0.972925847
2217.29164	0.9721648435
2217.29352	0.9733828502
2217.2954	0.9735587446
2217.29728	0.9728755551
2217.29916	0.9747780347
2217.30104	0.9719992269
2217.30292	0.9739870786
2217.3048	0.9726693227
2217.30668	0.9724505974
2217.30856	0.9739104893
2217.31044	0.9727962372
2217.31232	0.9743592307
2217.3142	0.9724185179
2217.31608	0.9737015104
2217.31796	0.9729004088
2217.31984	0.9735829036
2217.32172	0.9735169332
2217.3236	0.9728281309
2217.32548	0.9746760755
2217.32736	0.9728335867
2217.32924	0.9731488553
2217.33112	0.9750604078
2217.333	0.9751695708
2217.33488	0.9748775711
2217.33676	0.9745496867
2217.33864	0.9764751566
2217.34052	0.9729652615
2217.3424	0.9734036217
2217.34428	0.9731230555
2217.34616	0.9749861488
2217.34804	0.9743480723
2217.34992	0.9751449945
2217.3518	0.9749800979
2217.35368	0.9737519473
2217.35556	0.9731194495
2217.35744	0.9728963025
2217.35932	0.9760369112
2217.3612	0.9747159533
2217.36308	0.9742526144
2217.36496	0.9732230185
2217.36684	0.9732614246
2217.36872	0.9730120766
2217.3706	0.9729300805
2217.37248	0.9707500574
2217.37436	0.9729925641
2217.37624	0.9725689727
2217.37812	0.9731308599
2217.38	0.972927951
2217.38188	0.973431879
2217.38376	0.9724054162
2217.38564	0.9730341042
2217.38752	0.969474476
2217.3894	0.9707147668
2217.39128	0.973308115
2217.39316	0.9701185274
2217.39504	0.9708054738
2217.39692	0.9715297235
2217.3988	0.9696681337
2217.40068	0.9709854574
2217.40256	0.9685245172
2217.40444	0.9676975476
2217.40632	0.9678985694
2217.4082	0.9671395097
2217.41008	0.9682782701
2217.41196	0.9674075089
2217.41384	0.9673975034
2217.41572	0.9652782188
2217.4176	0.9679879959
2217.41948	0.9643494583
2217.42136	0.9632503011
2217.42324	0.9624364939
2217.42512	0.9602408257
2217.427	0.9581676074
2217.42888	0.9570112161
2217.43076	0.9557969821
2217.43264	0.953351965
2217.43452	0.9513367153
2217.4364	0.9475001194
2217.43828	0.9449924281
2217.44016	0.9455881163
2217.44204	0.941356188
2217.44392	0.9403556552
2217.4458	0.9392309864
2217.44768	0.938908247
2217.44956	0.9355308468
2217.45144	0.9361937491
2217.45332	0.9364019892
2217.4552	0.9370152956
2217.45708	0.9356395884
2217.45896	0.9388672487
2217.46084	0.937074036
2217.46272	0.9412821847
2217.4646	0.9424737513
2217.46648	0.9433551741
2217.46836	0.9421880707
2217.47024	0.9447541912
2217.47212	0.9430788181
2217.474	0.9425736641
2217.47588	0.942373879
2217.47776	0.9417436811
2217.47964	0.9416732547
2217.48152	0.9408953195
2217.4834	0.9361858197
2217.48528	0.9355883915
2217.48716	0.9344710833
2217.48904	0.9307669387
2217.49092	0.9275598568
2217.4928	0.9214530694
2217.49468	0.9191063158
2217.49656	0.9109543511
2217.49844	0.9060773926
2217.50032	0.8994204609
2217.5022	0.8907147701
2217.50408	0.8785089284
2217.50596	0.8662333092
2217.50784	0.8501198157
2217.50972	0.8335175222
2217.5116	0.8162959803
2217.51348	0.7941403691
2217.51536	0.7710592007
2217.51724	0.7451062187
2217.51912	0.720643481
2217.521	0.694230847
2217.52288	0.6655581554
2217.52476	0.6389226765
2217.52664	0.6150787964
2217.52852	0.5894348635
2217.5304	0.5670924934
2217.53228	0.5473834586
2217.53416	0.5326007341
2217.53604	0.5216972201
2217.53792	0.516408592
2217.5398	0.5120787314
2217.54168	0.5167706178
2217.54356	0.5208642017
2217.54544	0.5325631199
2217.54732	0.5488423862
2217.5492	0.5663030631
2217.55108	0.5871654391
2217.55296	0.6115703046
2217.55484	0.6374352004
2217.55672	0.6614414235
2217.5586	0.6892968723
2217.56048	0.7154225301
2217.56236	0.740171998
2217.56424	0.7649615572
2217.56612	0.7855715242
2217.568	0.8057263043
2217.56988	0.8239850241
2217.57176	0.8404264393
2217.57364	0.8531788298
2217.57552	0.8667005201
2217.5774	0.8743197019
2217.57928	0.8850087756
2217.58116	0.8900229963
2217.58304	0.8967345475
2217.58492	0.9023166658
2217.5868	0.9082585466
2217.58868	0.9106744967
2217.59056	0.9123819721
2217.59244	0.916616295
2217.59432	0.9172247767
2217.5962	0.9184212512
2217.59808	0.9211389969
2217.59996	0.9220125325
2217.60184	0.9238886373
2217.60372	0.9232248963
2217.6056	0.9248457107
2217.60748	0.9256572193
2217.60936	0.9257410425
2217.61124	0.9257619227
2217.61312	0.9253099247
2217.615	0.9270152478
2217.61688	0.9262371418
2217.61876	0.926468477
2217.62064	0.9253783811
2217.62252	0.9253876089
2217.6244	0.9238771104
2217.62628	0.9244396169
2217.62816	0.9244645416
2217.63004	0.9230451304
2217.63192	0.9229703763
2217.6338	0.92148335
2217.63568	0.9214846236
2217.63756	0.9187608792
2217.63944	0.9160099641
2217.64132	0.9166354449
2217.6432	0.9144410678
2217.64508	0.9118787689
2217.64696	0.9115937583
2217.64884	0.9091389746
2217.65072	0.9070955884
2217.6526	0.9039362526
2217.65448	0.9019213998
2217.65636	0.8992627848
2217.65824	0.8978798668
2217.66012	0.8923100248
2217.662	0.8896398175
2217.66388	0.8864088678
2217.66576	0.8804247204
2217.66764	0.8763295072
2217.66952	0.8755281229
2217.6714	0.8666395131
2217.67328	0.8636019513
2217.67516	0.8563353108
2217.67704	0.8500627275
2217.67892	0.8419132971
2217.6808	0.83542639
2217.68268	0.8288242881
2217.68456	0.8175646943
2217.68644	0.8095725841
2217.68832	0.7983336818
2217.6902	0.788014413
2217.69208	0.7723384167
2217.69396	0.7596578376
2217.69584	0.7435494471
2217.69772	0.7252513144
2217.6996	0.7052967187
2217.70148	0.6883608071
2217.70336	0.6637923774
2217.70524	0.6413432727
2217.70712	0.6176723699
2217.709	0.5911748303
2217.71088	0.5607870295
2217.71276	0.5315456762
2217.71464	0.4997494866
2217.71652	0.4682894196
2217.7184	0.4356401779
2217.72028	0.3965867887
2217.72216	0.364267726
2217.72404	0.3255342905
2217.72592	0.29405028
2217.7278	0.2596881841
2217.72968	0.23119173
2217.73156	0.1999023688
2217.73344	0.1721348804
2217.73532	0.1485199035
2217.7372	0.1279488871
2217.73908	0.1118824297
2217.74096	0.09858392482
2217.74284	0.09050422362
2217.74472	0.08667154163
2217.7466	0.08535166161
2217.74848	0.08722029722
2217.75036	0.09484999002
2217.75224	0.1079088375
2217.75412	0.125935474
2217.756	0.1445859429
2217.75788	0.1678628362
2217.75976	0.1954962374
2217.76164	0.2235903007
2217.76352	0.2558669873
2217.7654	0.2913494115
2217.76728	0.3256583948
2217.76916	0.3613545945
2217.77104	0.39814779
2217.77292	0.432925917
2217.7748	0.467701083
2217.77668	0.5015990655
2217.77856	0.5348168583
2217.78044	0.5646772422
2217.78232	0.5919235038
2217.7842	0.6193438132
2217.78608	0.6448348527
2217.78796	0.6686617124
2217.78984	0.6863966973
2217.79172	0.7068789235
2217.7936	0.7236634384
2217.79548	0.7406320055
2217.79736	0.7547773401
2217.79924	0.7690779908
2217.80112	0.7802762501
2217.803	0.7903465015
2217.80488	0.800568693
2217.80676	0.8109074867
2217.80864	0.8195553703
2217.81052	0.8295599435
2217.8124	0.8362551775
2217.81428	0.8402969624
2217.81616	0.8482424738
2217.81804	0.8525556889
2217.81992	0.8578337922
2217.8218	0.865473729
2217.82368	0.8701827099
2217.82556	0.8731753058
2217.82744	0.8801409693
2217.82932	0.881522501
2217.8312	0.885074201
2217.83308	0.8903934724
2217.83496	0.8932370527
2217.83684	0.8959226137
2217.83872	0.8988870915
2217.8406	0.9018609077
2217.84248	0.9039936577
2217.84436	0.9062679241
2217.84624	0.9066553952
2217.84812	0.9091151368
2217.85	0.9127607199
2217.85188	0.9129189587
2217.85376	0.9154244916
2217.85564	0.9171615779
2217.85752	0.9164267807
2217.8594	0.9177570271
2217.86128	0.9201152878
2217.86316	0.91921484
2217.86504	0.9208070466
2217.86692	0.9209579812
2217.8688	0.9206998104
2217.87068	0.9204632383
2217.87256	0.9205045229
2217.87444	0.9211759094
2217.87632	0.9239002563
2217.8782	0.9251968183
2217.88008	0.9260496931
2217.88196	0.9287294886
2217.88384	0.9290661784
2217.88572	0.9326681564
2217.8876	0.9335428815
2217.88948	0.9354280947
2217.89136	0.9374022511
2217.89324	0.9391822534
2217.89512	0.943557125
2217.897	0.9411322634
2217.89888	0.9444675212
2217.90076	0.9469467436
2217.90264	0.9476993686
2217.90452	0.9478336231
2217.9064	0.9509169226
2217.90828	0.9490512329
2217.91016	0.9496743878
2217.91204	0.952342399
2217.91392	0.9510589066
2217.9158	0.9508298623
2217.91768	0.954747334
2217.91956	0.9552492999
2217.92144	0.9558132919
2217.92332	0.955158075
2217.9252	0.9563665139
2217.92708	0.9557321875
2217.92896	0.9589252833
2217.93084	0.9584590314
2217.93272	0.9588756404
2217.9346	0.9566415699
2217.93648	0.959853526
2217.93836	0.9609938815
2217.94024	0.9611699159
2217.94212	0.9611962249
2217.944	0.9608578239
2217.94588	0.9609648167
2217.94776	0.9623502904
2217.94964	0.9625659521
2217.95152	0.9628458679
2217.9534	0.9627185491
2217.95528	0.9651202309
2217.95716	0.9626767708
2217.95904	0.964223644
2217.96092	0.9640650846
2217.9628	0.9660743125
2217.96468	0.9668676418
2217.96656	0.9670730972
2217.96844	0.9669715804
2217.97032	0.9651939537
2217.9722	0.9690491245
2217.97408	0.9678446059
2217.97596	0.9675662363
2217.97784	0.9680281567
2217.97972	0.9679831298
2217.9816	0.9690459254
2217.98348	0.9692147003
2217.98536	0.9688102488
2217.98724	0.9668500732
2217.98912	0.9696190607
2217.991	0.9703508959
2217.99288	0.9706068757
2217.99476	0.9701219336
2217.99664	0.9709125672
2217.99852	0.9716615648
2218.0004	0.9703278656
2218.00228	0.9724205156
2218.00416	0.9691466079
2218.00604	0.9699795203
2218.00792	0.9704652446
2218.0098	0.9690465025
2218.01168	0.9706022927
2218.01356	0.9729519815
2218.01544	0.9730371873
2218.01732	0.9719756801
2218.0192	0.9736727065
2218.02108	0.9722551633
2218.02296	0.9715720455
2218.02484	0.9723550002
2218.02672	0.9720076293
2218.0286	0.9728979521
2218.03048	0.9706591182
2218.03236	0.973140977
2218.03424	0.9716358067
2218.03612	0.9728726468
2218.038	0.9703587916
2218.03988	0.9713136049
2218.04176	0.9715826879
2218.04364	0.9721020644
2218.04552	0.969586758
2218.0474	0.9719653275
2218.04928	0.9701450562
2218.05116	0.9683554603
2218.05304	0.9691576031
2218.05492	0.9669343343
2218.0568	0.9667142613
2218.05868	0.9664467111
2218.06056	0.9633267297
2218.06244	0.960368814
2218.06432	0.9587581638
2218.0662	0.9580648473
2218.06808	0.9561454451
2218.06996	0.9535459239
2218.07184	0.9524470344
2218.07372	0.952793997
2218.0756	0.9538150641
2218.07748	0.9485426727
2218.07936	0.9519823085
2218.08124	0.951512563
2218.08312	0.9533269697
2218.085	0.9545585816
2218.08688	0.9551538341
2218.08876	0.9556964511
2218.09064	0.9570580728
2218.09252	0.9583833539
2218.0944	0.9632746526
2218.09628	0.9635705144
2218.09816	0.9648540521
2218.10004	0.9665830991
2218.10192	0.9668208235
2218.1038	0.9695917229
2218.10568	0.9715644311
2218.10756	0.9721888454
2218.10944	0.9701532778
2218.11132	0.9736353324
2218.1132	0.9719635446
2218.11508	0.9711898068
2218.11696	0.9721803215
2218.11884	0.9726916241
2218.12072	0.9738479055
2218.1226	0.9729739681
2218.12448	0.9726068821
2218.12636	0.9739307425
2218.12824	0.9761716855
2218.13012	0.9735805407
2218.132	0.974772636
2218.13388	0.9744106199
2218.13576	0.9770119833
2218.13764	0.9724811157
2218.13952	0.9755007663
2218.1414	0.9731465087
2218.14328	0.9738489857
2218.14516	0.9743437039
2218.14704	0.9776065491
2218.14892	0.9736165252
2218.1508	0.9724294508
2218.15268	0.9755375867
2218.15456	0.9733114802
2218.15644	0.9738131351
2218.15832	0.9739380516
2218.1602	0.9739696154
2218.16208	0.9736186729
2218.16396	0.9739763508
2218.16584	0.9740145306
2218.16772	0.9743918349
2218.1696	0.9730065914
2218.17148	0.9725601651
2218.17336	0.9720961508
2218.17524	0.9735785688
2218.17712	0.9727440217
2218.179	0.9731318793
2218.18088	0.9728959859
2218.18276	0.973820229
2218.18464	0.9721206414
2218.18652	0.9724481923
2218.1884	0.9702777881
2218.19028	0.9701809572
2218.19216	0.970718666
2218.19404	0.9695619707
2218.19592	0.9711873401
2218.1978	0.9688486219
2218.19968	0.9698961807
2218.20156	0.9669795094
2218.20344	0.9679108627
2218.20532	0.9682295347
2218.2072	0.9678442712
2218.20908	0.9658333641
2218.21096	0.9672443095
2218.21284	0.9676077028
2218.21472	0.9667581627
2218.2166	0.964898195
2218.21848	0.9643737715
2218.22036	0.9631245053
2218.22224	0.9642253059
2218.22412	0.9642496876
2218.226	0.9614190725
2218.22788	0.9593080243
2218.22976	0.9601921286
2218.23164	0.9596122077
2218.23352	0.9550183341
2218.2354	0.9566311088
2218.23728	0.9573107537
2218.23916	0.9545003586
2218.24104	0.9526137371
2218.24292	0.9506637655
2218.2448	0.9492970591
2218.24668	0.9449974097
2218.24856	0.942479791
2218.25044	0.9407481402
2218.25232	0.9362371608
2218.2542	0.9332550538
2218.25608	0.9265523675
2218.25796	0.9239705749
2218.25984	0.9179391108
2218.26172	0.9099734781
2218.2636	0.9016954546
2218.26548	0.893296928
2218.26736	0.8790736493
2218.26924	0.8658551754
2218.27112	0.8502519551
2218.273	0.8333608889
2218.27488	0.8130356592
2218.27676	0.792238507
2218.27864	0.7677611897
2218.28052	0.7415058421
2218.2824	0.7146660244
2218.28428	0.6898830456
2218.28616	0.6608152251
2218.28804	0.6332450767
2218.28992	0.6071154519
2218.2918	0.582303313
2218.29368	0.5607620883
2218.29556	0.5410851991
2218.29744	0.5238655656
2218.29932	0.5114027834
2218.3012	0.5030590939
2218.30308	0.49918872
2218.30496	0.5025790012
2218.30684	0.5054180105
2218.30872	0.5137417281
2218.3106	0.5283358629
2218.31248	0.5454436985
2218.31436	0.566762344
2218.31624	0.5883525028
2218.31812	0.6145756532
2218.32	0.6405826497
2218.32188	0.6683172543
2218.32376	0.6961410163
2218.32564	0.723225105
2218.32752	0.7470841486
2218.3294	0.7684508768
2218.33128	0.7912547876
2218.33316	0.8118972833
2218.33504	0.8315120854
2218.33692	0.8456807989
2218.3388	0.8595849093
2218.34068	0.8695072304
2218.34256	0.8796680772
2218.34444	0.8874842503
2218.34632	0.8925073453
2218.3482	0.8986735843
2218.35008	0.9028487177
2218.35196	0.9046633785
2218.35384	0.9082384273
2218.35572	0.9108006447
2218.3576	0.9108483514
2218.35948	0.9122529072
2218.36136	0.9133813976
2218.36324	0.9145829657
2218.36512	0.9170242514
2218.367	0.9183319282
2218.36888	0.9205465474
2218.37076	0.9224383516
2218.37264	0.9242426877
2218.37452	0.9275743208
2218.3764	0.9316754151
2218.37828	0.9330276864
2218.38016	0.9363827724
2218.38204	0.9413802142
2218.38392	0.9434029826
2218.3858	0.9439128199
2218.38768	0.9473072273
2218.38956	0.9479147076
2218.39144	0.9518258034
2218.39332	0.9510372466
2218.3952	0.952946351
2218.39708	0.9553336623
2218.39896	0.9540723878
2218.40084	0.9570425077
2218.40272	0.9556586221
2218.4046	0.9573621745
2218.40648	0.9573914591
2218.40836	0.9580814204
2218.41024	0.9587368308
2218.41212	0.9588390887
2218.414	0.9581708087
2218.41588	0.960277113
2218.41776	0.9603123382
2218.41964	0.9610324522
2218.42152	0.9612572215
2218.4234	0.9586435494
2218.42528	0.9613773798
2218.42716	0.9614835632
2218.42904	0.9597350528
2218.43092	0.9613700816
2218.4328	0.9618463604
2218.43468	0.959861673
2218.43656	0.959019812
2218.43844	0.9600134537
2218.44032	0.9631191263
2218.4422	0.9604990873
2218.44408	0.9589721718
2218.44596	0.9598476006
2218.44784	0.9590128333
2218.44972	0.9595051744
2218.4516	0.9598847458
2218.45348	0.9570944934
2218.45536	0.9598565104
2218.45724	0.9607156242
2218.45912	0.9588648935
2218.461	0.9583902519
2218.46288	0.9595207482
2218.46476	0.9567544722
2218.46664	0.9563057596
2218.46852	0.9556253325
2218.4704	0.9562527293
2218.47228	0.9561224126
2218.47416	0.9548725424
2218.47604	0.954653827
2218.47792	0.9539706795
2218.4798	0.9525568637
2218.48168	0.9500478483
2218.48356	0.9492581787
2218.48544	0.9493219552
2218.48732	0.9454653959
2218.4892	0.9446106544
2218.49108	0.9427432576
2218.49296	0.9412595461
2218.49484	0.9386677851
2218.49672	0.9367654854
2218.4986	0.9391489723
2218.50048	0.9361571793
2218.50236	0.9332790952
2218.50424	0.9328863624
2218.50612	0.932746337
2218.508	0.9310050468
2218.50988	0.9313722229
2218.51176	0.9296376123
2218.51364	0.9294381296
2218.51552	0.929254986
2218.5174	0.9283777579
2218.51928	0.9257860215
2218.52116	0.9275337752
2218.52304	0.9268868378
2218.52492	0.926029639
2218.5268	0.9232883085
2218.52868	0.9231461117
2218.53056	0.9213245044
2218.53244	0.9174320554
2218.53432	0.9148748582
2218.5362	0.9152110607
2218.53808	0.9112143026
2218.53996	0.9103741709
2218.54184	0.9084746195
2218.54372	0.902459999
2218.5456	0.8987940967
2218.54748	0.8956272973
2218.54936	0.8921670001
2218.55124	0.8858857596
2218.55312	0.8834473731
2218.555	0.8779950635
2218.55688	0.8720495606
2218.55876	0.8647728497
2218.56064	0.8596382341
2218.56252	0.8524107723
2218.5644	0.8425367271
2218.56628	0.837281266
2218.56816	0.8255280538
2218.57004	0.8159205315
2218.57192	0.8037290652
2218.5738	0.7922062413
2218.57568	0.779284796
2218.57756	0.7622268556
2218.57944	0.7447486497
2218.58132	0.727637317
2218.5832	0.7066376326
2218.58508	0.6850728787
2218.58696	0.6615234408
2218.58884	0.6352578211
2218.59072	0.6081177935
2218.5926	0.5752008571
2218.59448	0.5439556022
2218.59636	0.5087013252
2218.59824	0.4746962311
2218.60012	0.4388876357
2218.602	0.3990687921
2218.60388	0.3627553186
2218.60576	0.323358377
2218.60764	0.2861956529
2218.60952	0.2521398628
2218.6114	0.2197385859
2218.61328	0.191124852
2218.61516	0.1659377122
2218.61704	0.1451993529
2218.61892	0.1267505838
2218.6208	0.1129169135
2218.62268	0.1030584222
2218.62456	0.09852529628
2218.62644	0.09984988587
2218.62832	0.1053136725
2218.6302	0.1154839858
2218.63208	0.1302028146
2218.63396	0.1486112454
2218.63584	0.1696918451
2218.63772	0.1969892497
2218.6396	0.2269007443
2218.64148	0.2616697244
2218.64336	0.2938361729
2218.64524	0.3306779165
2218.64712	0.3680457095
2218.649	0.4037369362
2218.65088	0.4395159159
2218.65276	0.4753021271
2218.65464	0.5090086744
2218.65652	0.5431744964
2218.6584	0.5749794148
2218.66028	0.6033703042
2218.66216	0.6304048455
2218.66404	0.6550419407
2218.66592	0.6789113664
2218.6678	0.6968297192
2218.66968	0.7162456675
2218.67156	0.7336155629
2218.67344	0.7493000406
2218.67532	0.759217859
2218.6772	0.7732968943
2218.67908	0.7844855292
2218.68096	0.7933712675
2218.68284	0.8039091067
2218.68472	0.8110240157
2218.6866	0.8173638096
2218.68848	0.8224197925
2218.69036	0.8284925041
2218.69224	0.8341826414
2218.69412	0.8406764813
2218.696	0.8438577421
2218.69788	0.8477465544
2218.69976	0.8530500482
2218.70164	0.8585878635
2218.70352	0.865544364
2218.7054	0.8710832169
2218.70728	0.8728184161
2218.70916	0.8789475253
2218.71104	0.8840625449
2218.71292	0.8885207568
2218.7148	0.8915737696
2218.71668	0.894685091
2218.71856	0.8996059993
2218.72044	0.9021228732
2218.72232	0.9078777317
2218.7242	0.9118230293
2218.72608	0.9123058233
2218.72796	0.9170515818
2218.72984	0.9200612412
2218.73172	0.9234604591
2218.7336	0.9258293329
2218.73548	0.9273107656
2218.73736	0.9277251921
2218.73924	0.9298122402
2218.74112	0.9330406504
2218.743	0.9327912677
2218.74488	0.9348344529
2218.74676	0.9378463893
2218.74864	0.937758439
2218.75052	0.9375414333
2218.7524	0.9398489477
2218.75428	0.9419573984
2218.75616	0.9422486779
2218.75804	0.9446714859
2218.75992	0.9458175225
2218.7618	0.9448690638
2218.76368	0.945964612
2218.76556	0.9472814754
2218.76744	0.9470746932
2218.76932	0.9495209221
2218.7712	0.949806804
2218.77308	0.951593117
2218.77496	0.95100441
2218.77684	0.9514951164
2218.77872	0.9549550168
2218.7806	0.9529512275
2218.78248	0.953929146
2218.78436	0.9544388663
2218.78624	0.955498126
2218.78812	0.9554961984
2218.79	0.956958414
2218.79188	0.9568744515
2218.79376	0.9577255781
2218.79564	0.9590568102
2218.79752	0.959935627
2218.7994	0.9602287874
2218.80128	0.9595398316
2218.80316	0.961172137
2218.80504	0.9611376003
2218.80692	0.9616186695
2218.8088	0.9604541768
2218.81068	0.9632855825
2218.81256	0.9629008559
2218.81444	0.9651639081
2218.81632	0.9645083358
2218.8182	0.9631576914
2218.82008	0.9633045698
2218.82196	0.9662272181
2218.82384	0.964597202
2218.82572	0.9665474691
2218.8276	0.965946474
2218.82948	0.9687268804
2218.83136	0.9670691479
2218.83324	0.9688599184
2218.83512	0.969022817
2218.837	0.9675624035
2218.83888	0.9680239837
2218.84076	0.9701597551
2218.84264	0.9689927033
2218.84452	0.9684363106
2218.8464	0.9708177038
2218.84828	0.9724900967
2218.85016	0.9701745861
2218.85204	0.9718978528
2218.85392	0.9706064709
2218.8558	0.9723777504
2218.85768	0.9710178875
2218.85956	0.9728090899
2218.86144	0.9722249893
2218.86332	0.9716907034
2218.8652	0.9722960074
2218.86708	0.9716967462
2218.86896	0.9712881255
2218.87084	0.971528526
2218.87272	0.9726916548
2218.8746	0.9718429046
2218.87648	0.973478174
2218.87836	0.9736874668
2218.88024	0.9737233506
2218.88212	0.9728309072
2218.884	0.9734404362
2218.88588	0.9733984689
2218.88776	0.9747760905
2218.88964	0.9726674952
2218.89152	0.9731062511
2218.8934	0.9732680685
2218.89528	0.9733606144
2218.89716	0.9727403485
2218.89904	0.9728234356
2218.90092	0.9743974442
2218.9028	0.9726280841
2218.90468	0.974017777
2218.90656	0.9749121937
2218.90844	0.9738710526
2218.91032	0.9704398171
2218.9122	0.9726229253
2218.91408	0.971879337
2218.91596	0.9714568958
2218.91784	0.9687668962
2218.91972	0.970616199
2218.9216	0.9682231311
2218.92348	0.9700689417
2218.92536	0.9693272659
2218.92724	0.9703196471
2218.92912	0.9669458491
2218.931	0.9654340646
2218.93288	0.9677129275
2218.93476	0.9673327264
2218.93664	0.965966581
2218.93852	0.9676998302
2218.9404	0.967109866
2218.94228	0.9652940876
2218.94416	0.9664524096
2218.94604	0.9666142188
2218.94792	0.9672131812
2218.9498	0.9677548788
2218.95168	0.9670576149
2218.95356	0.9676766537
2218.95544	0.9685004595
2218.95732	0.9677828439
2218.9592	0.9674427446
2218.96108	0.9671817225
2218.96296	0.9670861494
2218.96484	0.964906693
2218.96672	0.9665618485
2218.9686	0.9648962936
2218.97048	0.9654946055
2218.97236	0.9633085387
2218.97424	0.9650075949
2218.97612	0.9635175981
2218.978	0.9609926749
2218.97988	0.9614889856
2218.98176	0.9592228888
2218.98364	0.9603188373
2218.98552	0.9573306734
2218.9874	0.9541398739
2218.98928	0.9530223715
2218.99116	0.9503822339
2218.99304	0.948982527
2218.99492	0.9452624881
2218.9968	0.9422970275
2218.99868	0.9373084784
2219.00056	0.9356469678
2219.00244	0.9331801809
2219.00432	0.9277812514
2219.0062	0.9230069944
2219.00808	0.9189609417
2219.00996	0.9134241955
2219.01184	0.9099198599
2219.01372	0.9036716147
2219.0156	0.8993855141
2219.01748	0.8928593664
2219.01936	0.8854167965
2219.02124	0.8786413279
2219.02312	0.8669010533
2219.025	0.8569126358
2219.02688	0.8421593123
2219.02876	0.8296341076
2219.03064	0.811778904
2219.03252	0.7903388677
2219.0344	0.7689029578
2219.03628	0.7431861
2219.03816	0.7171850733
2219.04004	0.6892126715
2219.04192	0.6612565086
2219.0438	0.6349412953
2219.04568	0.607746957
2219.04756	0.5827707719
2219.04944	0.5609469241
2219.05132	0.5397510467
2219.0532	0.5211183611
2219.05508	0.5088290029
2219.05696	0.4985165645
2219.05884	0.4933200028
2219.06072	0.4910799296
2219.0626	0.496192576
2219.06448	0.503917795
2219.06636	0.5119557633
2219.06824	0.528552741
2219.07012	0.5467736134
2219.072	0.5663632467
2219.07388	0.5912867254
2219.07576	0.6182400129
2219.07764	0.6445968632
2219.07952	0.6729276674
2219.0814	0.6977055624
2219.08328	0.7251138381
2219.08516	0.7520312565
2219.08704	0.7764286952
2219.08892	0.7985524325
2219.0908	0.8184944837
2219.09268	0.836599959
2219.09456	0.852305298
2219.09644	0.8671095095
2219.09832	0.8756291368
2219.1002	0.8898953083
2219.10208	0.8960558305
2219.10396	0.9020493933
2219.10584	0.909738277
2219.10772	0.9125174455
2219.1096	0.9182306538
2219.11148	0.9207093753
2219.11336	0.9244515938
2219.11524	0.9270013042
2219.11712	0.9295653642
2219.119	0.9296369799
2219.12088	0.9315892428
2219.12276	0.9335747927
2219.12464	0.9338951261
2219.12652	0.9376829183
2219.1284	0.9390782781
2219.13028	0.9395522934
2219.13216	0.9441165903
2219.13404	0.9463274401
2219.13592	0.9457044126
2219.1378	0.9496169612
2219.13968	0.9522420975
2219.14156	0.9536681401
2219.14344	0.9535501809
2219.14532	0.9546906928
2219.1472	0.9573821131
2219.14908	0.9582708139
2219.15096	0.9599022039
2219.15284	0.9608400386
2219.15472	0.9624079479
2219.1566	0.9621747475
2219.15848	0.9633534437
2219.16036	0.9671930343
2219.16224	0.9647358767
2219.16412	0.966174766
2219.166	0.9662329206
2219.16788	0.9666062802
2219.16976	0.965865284
2219.17164	0.9676487377
2219.17352	0.9673822647
2219.1754	0.9685437715
2219.17728	0.9700610818
2219.17916	0.9684770129
2219.18104	0.9693388972
2219.18292	0.9678407442
2219.1848	0.9692651767
2219.18668	0.9709743568
2219.18856	0.9696209581
2219.19044	0.9692793376
2219.19232	0.9703324991
2219.1942	0.9701255793
2219.19608	0.9702316229
2219.19796	0.9702452432
2219.19984	0.9727408344
2219.20172	0.9700164545
2219.2036	0.9706091298
2219.20548	0.97058884
2219.20736	0.9725370774
2219.20924	0.971151559
2219.21112	0.9728572523
2219.213	0.9718241512
2219.21488	0.9717156512
2219.21676	0.9703337197
2219.21864	0.9730361513
2219.22052	0.9723753229
2219.2224	0.972235599
2219.22428	0.9717047778
2219.22616	0.971401346
2219.22804	0.9705569257
2219.22992	0.9727927898
2219.2318	0.9721532093
2219.23368	0.9715741485
2219.23556	0.9713573959
2219.23744	0.9721562221
2219.23932	0.9719924857
2219.2412	0.9737550154
2219.24308	0.9728983308
2219.24496	0.971525738
2219.24684	0.9710033415
2219.24872	0.971856759
2219.2506	0.9711689303
2219.25248	0.9721551374
2219.25436	0.9724967517
2219.25624	0.9727587546
2219.25812	0.9725827703
2219.26	0.9720297649
2219.26188	0.9728771797
2219.26376	0.9714397451
2219.26564	0.9722914043
2219.26752	0.9732058511
2219.2694	0.972682993
2219.27128	0.9710994276
2219.27316	0.9711614388
2219.27504	0.9706131433
2219.27692	0.9739031072
2219.2788	0.9703703882
2219.28068	0.971541202
2219.28256	0.9731987598
2219.28444	0.9720287881
2219.28632	0.9717472995
2219.2882	0.9692821939
2219.29008	0.9697294878
2219.29196	0.9710952069
2219.29384	0.9669206126
2219.29572	0.9661328132
2219.2976	0.964038224
2219.29948	0.9628725001
2219.30136	0.9617265155
2219.30324	0.9611861326
2219.30512	0.9573758974
2219.307	0.9554084222
2219.30888	0.9555608954
2219.31076	0.9546248497
2219.31264	0.9549433059
2219.31452	0.953621928
2219.3164	0.9519303102
2219.31828	0.9530564587
2219.32016	0.9538152662
2219.32204	0.953447526
2219.32392	0.9535024539
2219.3258	0.955374915
2219.32768	0.9553249034
2219.32956	0.9548658183
2219.33144	0.9591357677
2219.33332	0.9575554724
2219.3352	0.9594759207
2219.33708	0.9603493333
2219.33896	0.9610489822
2219.34084	0.9616667853
2219.34272	0.960921387
2219.3446	0.963143813
2219.34648	0.9627574709
2219.34836	0.9627522494
2219.35024	0.9636551082
2219.35212	0.9634573213
2219.354	0.9633904932
2219.35588	0.9635271287
2219.35776	0.9616946786
2219.35964	0.9592130374
2219.36152	0.9604209149
2219.3634	0.959625686
2219.36528	0.959033773
2219.36716	0.9576640668
2219.36904	0.9566235452
2219.37092	0.9575069527
2219.3728	0.9568313947
2219.37468	0.9538498919
2219.37656	0.9545711419
2219.37844	0.9528846319
2219.38032	0.9516448418
2219.3822	0.951649418
2219.38408	0.9497940318
2219.38596	0.9481119605
2219.38784	0.947475686
2219.38972	0.9441021624
2219.3916	0.9441040797
2219.39348	0.9427674825
2219.39536	0.9402298815
2219.39724	0.9401331493
2219.39912	0.9384585445
2219.401	0.9357238851
2219.40288	0.9341911185
2219.40476	0.9329624097
2219.40664	0.9311597216
2219.40852	0.9270204099
2219.4104	0.9256548563
2219.41228	0.9237250667
2219.41416	0.9198488739
2219.41604	0.9160987498
2219.41792	0.9128767896
2219.4198	0.9098588679
2219.42168	0.9054306206
2219.42356	0.9044851377
2219.42544	0.8976140322
2219.42732	0.8939491062
2219.4292	0.8887833589
2219.43108	0.8838655474
2219.43296	0.8770230017
2219.43484	0.8697814362
2219.43672	0.8658157979
2219.4386	0.8565484085
2219.44048	0.8484575321
2219.44236	0.8394311014
2219.44424	0.8304540879
2219.44612	0.8188810654
2219.448	0.8070405716
2219.44988	0.7931341079
2219.45176	0.7774546711
2219.45364	0.7609255281
2219.45552	0.7415108353
2219.4574	0.7199515594
2219.45928	0.6991821755
2219.46116	0.6736635191
2219.46304	0.6503400338
2219.46492	0.6200129291
2219.4668	0.5880734706
2219.46868	0.5526845036
2219.47056	0.519760711
2219.47244	0.4789343336
2219.47432	0.4412725516
2219.4762	0.4029713477
2219.47808	0.3640878911
2219.47996	0.3271411149
2219.48184	0.2905132939
2219.48372	0.2575741549
2219.4856	0.2247013536
2219.48748	0.196302712
2219.48936	0.1707699895
2219.49124	0.1498678306
2219.49312	0.1337911753
2219.495	0.1225243528
2219.49688	0.1180382195
2219.49876	0.1187887166
2219.50064	0.1255756461
2219.50252	0.1340229412
2219.5044	0.1502453634
2219.50628	0.1724202939
2219.50816	0.1959707378
2219.51004	0.2258921882
2219.51192	0.2568078292
2219.5138	0.2906070801
2219.51568	0.3259759326
2219.51756	0.3642869761
2219.51944	0.4011855163
2219.52132	0.438673285
2219.5232	0.4753029431
2219.52508	0.5115790733
2219.52696	0.545411419
2219.52884	0.5755474262
2219.53072	0.6070356246
2219.5326	0.6353753328
2219.53448	0.6616140842
2219.53636	0.6848316791
2219.53824	0.7057003767
2219.54012	0.7238902378
2219.542	0.7420563243
2219.54388	0.759932553
2219.54576	0.7730627536
2219.54764	0.7882300057
2219.54952	0.8007360904
2219.5514	0.8095946398
2219.55328	0.8213264439
2219.55516	0.8301337805
2219.55704	0.8408468962
2219.55892	0.8475218291
2219.5608	0.853402762
2219.56268	0.8609789099
2219.56456	0.8658046468
2219.56644	0.8722671365
2219.56832	0.8779128959
2219.5702	0.8827805036
2219.57208	0.8875276978
2219.57396	0.8905958809
2219.57584	0.8936480084
2219.57772	0.8988713723
2219.5796	0.9018273059
2219.58148	0.9052732245
2219.58336	0.911151616
2219.58524	0.9130233441
2219.58712	0.9143567344
2219.589	0.9156121791
2219.59088	0.9181219803
2219.59276	0.9220307165
2219.59464	0.9248726816
2219.59652	0.9255386433
2219.5984	0.9278778174
2219.60028	0.9298028625
2219.60216	0.9323071562
2219.60404	0.9309386024
2219.60592	0.9344384237
2219.6078	0.9360401055
2219.60968	0.9378311585
2219.61156	0.9384265407
2219.61344	0.9379893858
2219.61532	0.9394844416
2219.6172	0.9394306932
2219.61908	0.9419449045
2219.62096	0.9426329557
2219.62284	0.9435111374
2219.62472	0.9424317859
2219.6266	0.9424814479
2219.62848	0.9451619799
2219.63036	0.943615719
2219.63224	0.9447582722
2219.63412	0.9428269295
2219.636	0.9401287492
2219.63788	0.9414717629
2219.63976	0.9409086229
2219.64164	0.9382269013
2219.64352	0.9358237045
2219.6454	0.9376189627
2219.64728	0.9362167129
2219.64916	0.9362877453
2219.65104	0.9332669021
2219.65292	0.9366692216
2219.6548	0.9340445272
2219.65668	0.93683014
2219.65856	0.9397828857
2219.66044	0.9385346859
2219.66232	0.9401736931
2219.6642	0.9434263925
2219.66608	0.9474610283
2219.66796	0.9494036273
2219.66984	0.9491264342
2219.67172	0.9525968136
2219.6736	0.9539065879
2219.67548	0.9551497451
2219.67736	0.9566134091
2219.67924	0.9567042824
2219.68112	0.9592090925
2219.683	0.9602729541
2219.68488	0.9625669468
2219.68676	0.9613162409
2219.68864	0.9583884965
2219.69052	0.9600104258
2219.6924	0.9618708069
2219.69428	0.961885533
2219.69616	0.9601920324
2219.69804	0.9620970637
2219.69992	0.9619995659
2219.7018	0.9623526436
2219.70368	0.9622350072
2219.70556	0.9631353155
2219.70744	0.9634331348
2219.70932	0.9623018618
2219.7112	0.9600550398
2219.71308	0.9597493707
2219.71496	0.9593011661
2219.71684	0.9591624238
2219.71872	0.9579523054
2219.7206	0.9570941081
2219.72248	0.9554920916
2219.72436	0.956244759
2219.72624	0.9549484668
2219.72812	0.9537914001
2219.73	0.9514600486
2219.73188	0.9506939915
2219.73376	0.948056802
2219.73564	0.9467481004
2219.73752	0.9460979702
2219.7394	0.9462127043
2219.74128	0.9445680993
2219.74316	0.942746253
2219.74504	0.9431957901
2219.74692	0.9427257878
2219.7488	0.9415822636
2219.75068	0.9397048206
2219.75256	0.9391408981
2219.75444	0.9370273736
2219.75632	0.9350778427
2219.7582	0.9327636707
2219.76008	0.930454702
2219.76196	0.9276680816
2219.76384	0.9227075298
2219.76572	0.9160950126
2219.7676	0.9082179535
2219.76948	0.9000830325
2219.77136	0.8903064228
2219.77324	0.8800849726
2219.77512	0.8625043114
2219.777	0.8496810043
2219.77888	0.8292963831
2219.78076	0.8108666834
2219.78264	0.7895873364
2219.78452	0.7627698666
2219.7864	0.7351752004
2219.78828	0.7113217116
2219.79016	0.6834149935
2219.79204	0.6541953991
2219.79392	0.627264475
2219.7958	0.5986650194
2219.79768	0.5758504659
2219.79956	0.5538815458
2219.80144	0.5331033676
2219.80332	0.5162096062
2219.8052	0.5041728931
2219.80708	0.4947342737
2219.80896	0.4874631597
2219.81084	0.4881781448
2219.81272	0.4901882072
2219.8146	0.4961933021
2219.81648	0.5077966177
2219.81836	0.5215346016
2219.82024	0.5388643593
2219.82212	0.5581548268
2219.824	0.5826294955
2219.82588	0.6059041833
2219.82776	0.6336013482
2219.82964	0.6596371931
2219.83152	0.6874893571
2219.8334	0.7171547898
2219.83528	0.7432411236
2219.83716	0.768636537
2219.83904	0.7926051582
2219.84092	0.8137882783
2219.8428	0.8317943214
2219.84468	0.849764779
2219.84656	0.8644724599
2219.84844	0.8768376718
2219.85032	0.8882128788
2219.8522	0.8973382621
2219.85408	0.9050297601
2219.85596	0.9121535944
2219.85784	0.9185590744
2219.85972	0.9254182947
2219.8616	0.9269022955
2219.86348	0.9320456579
2219.86536	0.9333970366
2219.86724	0.9393832711
2219.86912	0.9400553895
2219.871	0.9428375194
2219.87288	0.9460468788
2219.87476	0.9476322166
2219.87664	0.9468671988
2219.87852	0.9504956058
2219.8804	0.9511792324
2219.88228	0.9533841185
2219.88416	0.9541670815
2219.88604	0.9558831294
2219.88792	0.9564414887
2219.8898	0.956868789
2219.89168	0.9588887653
2219.89356	0.9567075794
2219.89544	0.9581916836
2219.89732	0.9578775516
2219.8992	0.9587396901
2219.90108	0.95835499
2219.90296	0.9584017877
2219.90484	0.9577011622
2219.90672	0.9572562094
2219.9086	0.955527009
2219.91048	0.9565121294
2219.91236	0.9561991403
2219.91424	0.9546328069
2219.91612	0.953949292
2219.918	0.9534235225
2219.91988	0.9553428296
2219.92176	0.9536274151
2219.92364	0.9538234151
2219.92552	0.9533816544
2219.9274	0.9536926869
2219.92928	0.9540877309
2219.93116	0.9575245529
2219.93304	0.9555060764
2219.93492	0.9588913653
2219.9368	0.9600584669
2219.93868	0.9613683046
2219.94056	0.9615964268
2219.94244	0.9634196087
2219.94432	0.9670471909
2219.9462	0.9666801916
2219.94808	0.9694478873
2219.94996	0.9703191236
2219.95184	0.9712001082
2219.95372	0.9722529395
2219.9556	0.9710608465
2219.95748	0.9724933759
2219.95936	0.9742653507
2219.96124	0.9728704945
2219.96312	0.9762733126
2219.965	0.9744581046
2219.96688	0.9753002552
2219.96876	0.9746317055
2219.97064	0.9762702089
2219.97252	0.9753854561
2219.9744	0.9760716346
2219.97628	0.9753619914
2219.97816	0.9778799576
2219.98004	0.9752493423
2219.98192	0.9775341923
2219.9838	0.9775256155
2219.98568	0.9779303136
2219.98756	0.9766672371
2219.98944	0.9789019291
2219.99132	0.9789936095
2219.9932	0.9783297689
2219.99508	0.9786063752
2219.99696	0.9782481439
2219.99884	0.9791557975
2220.00072	0.9778013947
