 11 2156.065039 6.253E-28 5.712E-01.10320.456 3255.34600.75-.006870          0 1 1          0 2 0  2  1  2        2  1  1      534223837294713152     5.0    5.0
 11 2156.128059 1.327E-29 1.162E-04.05250.265 2613.10460.63-.007010          0 1 0          0 0 0 11 10  2       12  7  5      474233837260713049    23.0   25.0
 11 2156.162609 8.224E-28 2.947E+00.04560.195 4174.28750.450.011890          0 1 0          0 0 0 18  6 13       17  5 12      474223837260713049   111.0  105.0
 11 2156.200546 2.244E-29 3.001E-02.09560.412 3495.93920.74-.009930          0 1 1          0 2 0  5  0  5        4  2  2      434233837294713152    11.0    9.0
 11 2156.213281 4.383E-29 5.966E-01.07530.333 4062.83810.63-.011090          1 1 0          0 2 0  8  2  6        8  1  7      434243837294713152    17.0   17.0
 11 2156.226742 2.662E-28 5.862E-01.08340.391 3598.51590.680.002250          1 1 0          0 2 0  5  3  3        5  2  4      434223837294713152    11.0   11.0
 11 2156.235991 2.251E-28 8.495E-02.08210.298 3387.40070.75-.031840          0 0 1          0 1 0 11  3  8       10  5  5      534233837294713152    23.0   21.0
 12 2156.267141 4.652E-29 9.502E-02.08310.333 2618.92120.70-.001400          0 0 1          0 1 0  8  3  5        8  3  6      534443807294713159    51.0   51.0
 12 2156.328430 3.687E-29 2.405E-02.07950.352 2384.04190.700.003880          0 2 0          0 1 0  8  5  4        7  2  5      534446807294713152    51.0   45.0
 13 2156.369196 3.030E-27 1.918E+00.05400.298 1868.91390.510.000000         -2-2-2          0 0 0 11 -1 -1       10  6  4      1622304636917122 0   138.0  126.0
 12 2156.425987 4.657E-29 1.621E-01.07990.333 2751.41840.680.001490          1 0 0          0 1 0  9  3  6        8  4  5      534443807294713159    57.0   51.0
 11 2156.432837 3.993E-29 1.164E-04.05210.265 2612.79980.63-.006850          0 1 0          0 0 0 11 10  1       12  7  6      474233837260713049    69.0   75.0
 11 2156.564094 1.306E-23 5.011E-02.07920.385  982.91170.670.003965          0 1 0          0 0 0  9  5  5        8  2  6      687777835910162545    19.0   17.0
 11 2156.629154 3.304E-30 4.174E+00.06320.281 5300.17820.61-.011310          0 3 0          0 2 0 12  6  7       11  5  6      432230837294713152    75.0   69.0
 11 2156.637626 5.780E-25 1.866E-01.08210.452 2042.75330.840.003500          1 0 0          0 1 0  6  2  5        6  1  6      567773835910162559    39.0   39.0
 17 2156.718715 5.820E-32 1.095E-02.07230.329 1287.77340.620.000000          0 2 0          0 0 0 11  5  6       12  6  7      4622205141 98735 0   414.0  450.0
 17 2156.786076 1.250E-32 1.270E-01.08130.414 1877.91740.620.000000          0 3 0          0 1 0  7  4  4        8  5  3      4624205141 98635 0   135.0  153.0
 12 2156.794396 6.576E-27 1.518E+00.04120.298 2265.43770.260.003448          0 1 0          0 0 0 13  6  7       12  5  8      446747877233162745    81.0   75.0
 13 2156.965600 9.070E-27 1.910E+00.04460.284 1868.33060.52-.011277          0 1 0          0 0 0 11  7  4       10  6  5      563737803633162745   414.0  378.0
 13 2157.026625 1.360E-27 8.315E-01.04640.265 2120.60010.440.000000         -2-2-2          0 0 0 13 -1 -2       12  4  9      1622304636917122 0   486.0  450.0
 13 2157.043490 2.150E-29 2.792E-02.08940.391 2125.17880.72-.007000          0 0 1          0 1 0  6  1  5        5  3  2      565253803694713159   234.0  198.0
 11 2157.355445 4.474E-27 8.523E-03.08290.371 2211.19060.720.001840          0 2 0          0 1 0  7  5  3        6  2  4      534426837294713152    15.0   13.0
 11 2157.378343 1.115E-29 1.244E-03.05470.281 3136.41250.550.010610          0 2 0          0 1 0 11  5  7       11  2 10      434233837294713152    23.0   23.0
 11 2157.378709 7.255E-30 2.107E-04.07810.333 2771.69010.71-.011780          0 0 1          0 1 0  7  6  1        8  4  4      532230837294713152    15.0   17.0
 11 2157.453025 3.430E-26 6.723E-02.05430.315 2512.28290.500.003870          0 2 0          0 1 0 10  3  8        9  0  9      554423835994713159    63.0   57.0
 14 2157.487729 4.456E-29 4.513E-02.09540.448 1654.68540.79-.005109          0 0 1          0 1 0  2  2  1        3  3  0      4622235041 88333 7    30.0   42.0
 11 2157.510829 6.104E-27 2.501E+00.09550.456 3316.14530.73-.001940          0 1 1          0 2 0  2  2  0        2  2  1      534223837294713152    15.0   15.0
 11 2157.579925 7.591E-29 1.724E-01.07360.371 3864.96610.62-.005130          1 1 0          0 2 0  6  4  3        6  3  4      434233837294713152    39.0   39.0
 11 2157.584309 1.051E-30 3.946E-04.06350.265 3386.05230.60-.015760          0 0 1          0 1 0 11  3  8       12  1 11      532230837294713152    23.0   25.0
 11 2157.594995 4.746E-29 1.299E-01.06910.391 3868.98700.65-.015620          1 1 0          0 2 0  5  5  0        5  4  1      434233837294713152    33.0   33.0
 12 2157.611273 3.033E-26 3.022E-03.07770.371  550.45080.690.003099          0 1 0          0 0 0  7  5  2        6  2  5      656747877233162745    45.0   39.0
 14 2157.619654 1.806E-29 1.494E-02.03070.297 1974.70780.79-.015910          1 0 0          0 0 0 14  1 14       15  3 13      4622205041 7833348   174.0  186.0
 11 2157.707398 1.579E-29 1.296E-01.06810.391 3868.87300.64-.015720          1 1 0          0 2 0  5  5  1        5  4  2      434233837294713152    11.0   11.0
 17 2157.785551 1.490E-32 7.584E-03.06820.311 1525.38450.620.000000          0 2 0          0 0 0 13  4  9       14  5 10      4622205141 98735 0   486.0  522.0
 17 2157.830224 1.360E-32 3.146E-02.06630.301 1708.90960.620.000000          0 2 0          0 0 0 14  4 10       15  5 11      4622205141 98735 0   261.0  279.0
 11 2157.834036 4.533E-29 1.800E-01.07620.391 3719.49290.64-.007060          1 1 0          0 2 0  5  4  2        5  3  3      434253837294713152    11.0   11.0
 11 2157.834119 9.713E-30 7.301E-01.06020.315 4436.94050.530.005210          1 1 0          0 2 0  9  4  6        9  3  7      432230837294713152    19.0   19.0
 13 2157.887177 6.570E-28 1.006E+00.10110.467 1631.31500.730.001000          0 0 1          0 1 0  1  1  0        1  1  1      563373803633162559    18.0   18.0
 14 2157.899310 4.472E-29 4.530E-02.09540.448 1654.65850.79-.003643          0 0 1          0 1 0  2  2  0        3  3  1      4622235041 88333 7    30.0   42.0
 11 2157.921905 9.041E-29 2.988E-02.09800.434 3392.74930.74-.011500          0 1 1          0 2 0  4  0  4        3  2  1      534233837294713152    27.0   21.0
 11 2157.939893 4.764E-29 1.285E-01.08210.412 3598.72690.70-.006570          1 1 0          0 2 0  4  4  0        4  3  1      434253837294713152     9.0    9.0
 11 2157.945300 1.617E-30 3.313E+00.10640.456 4737.20250.76-.008640          0 2 1          0 3 0  1  0  1        2  0  2      432230837294713152     3.0    5.0
 11 2158.106267 1.194E-24 2.897E-01.09120.498 1908.01630.62-.000613          0 0 1          0 1 0  4  2  2        4  2  3      587777835910162545    27.0   27.0
 11 2158.120434 5.208E-29 2.369E-07.06460.315 1282.91910.600.000000          0 1 0          0 0 0 11  3  8        9  3  6     q5422308079917122 0    69.0   57.0
 11 2158.154046 8.703E-29 3.068E-01.03480.250 3879.72080.31-.006020          1 0 0          0 1 0 13  4 10       13  3 11      434233837294713152    27.0   27.0
 17 2158.269450 3.370E-31 1.718E-02.07670.466  837.05090.620.000000          0 2 0          0 0 0  9  3  7       10  4  6      4624205141 98635 0   171.0  189.0
 17 2158.323949 1.200E-31 7.663E-03.07450.424 1046.52990.620.000000          0 2 0          0 0 0 10  4  7       11  5  6      4624205141 98635 0   378.0  414.0
 12 2158.499905 2.233E-27 4.158E-01.08640.488 1810.18720.750.002038          1 0 0          0 1 0  5  1  5        4  0  4      547747877233162745    11.0    9.0
 12 2158.561763 3.264E-29 2.408E-01.05540.315 2679.53350.480.006180          1 0 0          0 1 0  9  3  7        9  2  8      534443807294713159    19.0   19.0
 11 2158.792453 1.375E-28 1.233E-01.08010.412 3597.86600.68-.007580          1 1 0          0 2 0  4  4  1        4  3  2      434253837294713152    27.0   27.0
 11 2158.876689 4.634E-31 6.926E-01.08800.428 4777.19990.740.000000          1 2 0          0 3 0  2  2  0        2  1  1      4333308387659336 0     5.0    5.0
 13 2159.194315 4.170E-28 4.230E-01.08640.488 1813.61190.750.002038          1 0 0          0 1 0  5  1  5        4  0  4      463737803633162745    66.0   54.0
 11 2159.202465 1.761E-29 7.633E-02.08560.352 4052.83690.72-.013170          0 1 1          0 2 0  8  1  7        7  3  4      434233837294713152    51.0   45.0
 11 2159.436192 3.466E-28 2.731E+00.06670.250 4285.64750.64-.010560          0 2 0          0 1 0 14  6  9       13  5  8      534223837294713152    87.0   81.0
 12 2159.452521 2.509E-29 3.247E-02.08760.371 2272.64600.72-.006700          0 0 1          0 1 0  7  1  6        6  3  3      534443807294713159    15.0   13.0
 17 2159.456654 6.430E-32 3.064E-02.07020.319 1353.04460.620.000000          0 2 0          0 0 0 12  4  8       13  5  9      4622205141 98735 0   225.0  243.0
 12 2159.709422 1.015E-29 1.882E+00.10590.480 3188.85720.76-.006930          0 1 1          0 2 0  1  1  1        1  1  0      434233807294713152     9.0    9.0
 11 2159.746461 3.730E-30 5.009E-02.07050.352 4033.61450.60-.003460          1 1 0          0 2 0  7  4  4        7  3  5      432230837294713152    15.0   15.0
 11 2159.847685 1.685E-26 2.611E-01.05540.315 2690.59370.480.006180          1 0 0          0 1 0  9  3  7        9  2  8      564423837294713159    19.0   19.0
 11 2159.959267 1.249E-27 3.919E-01.09090.412 3381.70420.710.002440          1 1 0          0 2 0  4  2  3        4  1  4      434223837294713152    27.0   27.0
 11 2160.005227 1.145E-24 4.398E-01.08640.488 1817.45120.750.002038          1 0 0          0 1 0  5  1  5        4  0  4      587777835910162545    11.0    9.0
 11 2160.106462 1.290E-28 9.629E-05.06430.265 2105.86790.650.006930          0 1 0          0 0 0 11  8  4       12  3  9      574233837260713049    23.0   25.0
 11 2160.262768 6.030E-26 2.993E-02.08940.391 2130.49430.72-.007000          0 0 1          0 1 0  6  1  5        5  3  2      554423835994713159    39.0   33.0
 11 2160.281628 5.127E-28 8.689E-06.05620.281 1327.11760.550.005500          0 1 0          0 0 0 11  4  8       11  1 11      574223837260713049    23.0   23.0
 11 2160.391677 1.114E-29 1.557E-04.05280.281 2915.87430.50-.002840          1 0 0          0 1 0 10  3  8       11  0 11      534233837294713152    63.0   69.0
 11 2160.507804 6.064E-30 2.439E-09.06860.333  744.16270.620.000000          0 1 0          0 0 0  9  3  6        8  1  8     q5322308079917122 0    57.0   51.0
 11 2160.696106 3.774E-24 8.782E-01.06410.338 2124.95140.640.018128          0 1 0          0 0 0 13  5  8       12  4  9      587777835910162545    81.0   75.0
 11 2160.778397 2.754E-27 3.142E-04.04830.265 1962.50690.490.011330          0 1 0          0 0 0 12  6  7       12  3 10      574223837260713049    75.0   75.0
 17 2160.943569 1.510E-32 7.699E-02.06080.290 1909.61860.620.000000          0 2 0          0 0 0 17  2 16       18  1 17      4622205141 98735 0   315.0  333.0
 11 2160.944161 1.727E-29 2.994E-04.06800.315 2690.59370.610.009330          0 0 1          0 1 0  8  4  5        9  2  8      534233837294713152    17.0   19.0
 11 2161.195623 1.211E-29 7.488E-02.08760.371 3873.79370.72-.013620          0 1 1          0 2 0  7  1  6        6  3  3      434233837294713152    15.0   13.0
 11 2161.270847 2.229E-27 1.136E-06.08030.333  744.16270.710.002480          0 1 0          0 0 0  7  6  1        8  1  8      674426837260713049    45.0   51.0
 11 2161.322110 2.040E-29 1.591E-05.06030.281 2321.90570.61-.009320          0 2 0          0 0 0 10  2  9       11  7  4      534233837260713049    63.0   69.0
 11 2161.427532 1.529E-26 2.923E-02.08560.352 2462.87530.72-.008500          0 0 1          0 1 0  8  1  7        7  3  4      564423837294713159    51.0   45.0
 11 2161.427625 4.064E-29 3.399E+00.03910.183 4606.16820.390.012650          0 1 0          0 0 0 19  6 14       18  5 13      474233837260713049    39.0   37.0
 11 2161.630708 4.658E-28 5.677E-01.07850.371 3736.17080.650.003720          1 1 0          0 2 0  6  3  4        6  2  5      434223837294713152    39.0   39.0
 17 2161.636183 3.230E-32 7.800E-02.07020.319 1686.52400.620.000000          0 2 0          0 0 0 12  7  5       13  8  6      4622205141 98735 0   225.0  243.0
 14 2161.655555 1.845E-29 1.502E-02.03010.297 1970.66070.79-.015680          1 0 0          0 0 0 14  0 14       15  2 13      4622205041 7833348   174.0  186.0
 11 2161.725443 2.747E-23 2.032E+00.02980.190 1590.69070.31-.010500          0 1 0          0 0 0  9  8  2        8  7  1      574623837260163059    19.0   17.0
 11 2161.726133 7.997E-23 1.972E+00.03210.190 1590.69010.45-.012742          0 1 0          0 0 0  9  8  1        8  7  2      587777805910162545    57.0   51.0
 14 2161.729657 1.245E-28 3.224E-01.07820.394 2009.22080.79-.013410          0 0 1          0 1 0  5  4  1        6  4  2      4622205041 7833348    66.0   78.0
 13 2161.762729 1.220E-27 1.550E+00.04640.265 2270.19020.440.000000         -2-2-2          0 0 0 13 -2 -1       12  5  8      1622304636917122 0   486.0  450.0
 14 2161.782147 1.245E-28 3.223E-01.07440.394 2009.14650.79-.012270          0 0 1          0 1 0  5  4  2        6  4  3      4622205041 7833348    66.0   78.0
 17 2161.919669 1.010E-32 1.991E-01.07020.277 2118.38620.620.000000          0 3 0          0 1 0 12  0 12       13  1 13      4624205141 98635 0   225.0  243.0
 11 2162.014562 1.730E-24 1.005E+00.10110.467 1634.96710.730.001000          0 0 1          0 1 0  1  1  0        1  1  1      577773835910162559     3.0    3.0
 11 2162.020768 7.335E-28 9.157E-01.09510.434 3387.68070.73-.000540          0 1 1          0 2 0  3  2  1        3  2  2      434223837294713152     7.0    7.0
 14 2162.042440 1.942E-29 6.365E-02.05700.351 2147.18200.79-.002837          0 0 1          0 1 0  8  2  7        9  1  8      4622235041 88333 7   102.0  114.0
 11 2162.116035 2.710E-30 2.082E-03.09140.391 3565.45460.720.006430          0 1 1          0 2 0  4  3  1        5  1  4      532230837294713152    27.0   33.0
 11 2162.147709 2.192E-26 9.456E-02.08310.333 2630.19260.70-.001400          0 0 1          0 1 0  8  3  5        8  3  6      564423837294713159    51.0   51.0
 14 2162.416465 2.043E-28 4.383E-01.09900.378 2004.75460.79-.005550          0 0 1          0 1 0  6  3  3        7  3  4      4622205041 7833348    78.0   90.0
 11 2162.517189 2.501E-30 2.203E-04.06420.221 3360.60020.64-.006170          0 2 0          0 0 0 14  2 13       15  5 10      532230837260713049    87.0   93.0
 11 2162.648393 1.751E-29 2.564E-04.06170.298 2904.42840.570.010570          0 0 1          0 1 0  9  4  6       10  2  9      534233837294713152    57.0   63.0
 11 2162.667566 7.249E-29 5.443E-02.06740.265 3770.87890.60-.002440          0 0 1          0 1 0 12  4  8       12  4  9      534233837294713152    75.0   75.0
 11 2162.671314 3.453E-31 3.287E-04.04280.221 3624.18130.420.000000          0 2 0          0 0 0 14  2 12       15  7  9      4333308387659336 0    29.0   31.0
 17 2162.749909 9.050E-32 5.883E-02.07230.329 1399.18410.620.000000          0 2 0          0 0 0 11  6  6       12  7  5      4622205141 98735 0   207.0  225.0
 11 2162.763469 9.454E-30 6.675E-01.05380.298 4669.73590.480.005490          1 1 0          0 2 0 10  4  7       10  3  8      432230837294713152    63.0   63.0
 11 2162.796196 1.188E-30 6.213E-01.03650.352 4812.19270.410.000320          0 1 1          0 2 0  8  7  2        7  7  1      432230837294713152    17.0   15.0
 11 2162.796783 3.563E-30 6.211E-01.03650.352 4812.19270.410.000390          0 1 1          0 2 0  8  7  1        7  7  0      432230837294713152    51.0   45.0
 11 2162.889699 7.972E-24 1.947E+00.04620.296 1875.46180.58-.011951          0 1 0          0 0 0 11  7  5       10  6  4      587777835910162545    23.0   21.0
 17 2162.915588 4.520E-32 1.469E-02.07230.329 1399.14670.620.000000          0 2 0          0 0 0 11  6  5       12  7  6      4622205141 98735 0   414.0  450.0
 11 2163.072646 2.763E-29 5.077E-05.07010.250 2533.79320.65-.001030          0 2 0          0 0 0 12  1 12       13  4  9      534233837260713049    75.0   81.0
 11 2163.090642 7.824E-28 2.409E-01.03000.333 3530.95750.35-.003410          0 0 1          0 1 0  9  8  2        8  8  1      434223837294713152    57.0   51.0
 11 2163.090793 2.608E-28 2.409E-01.03000.333 3530.95750.35-.003420          0 0 1          0 1 0  9  8  1        8  8  0      434233837294713152    19.0   17.0
 12 2163.227337 1.570E-27 2.532E-01.09740.449 1686.73360.830.001150          1 0 0          0 1 0  3  2  2        2  1  1      544783877233162759     7.0    5.0
 17 2163.345994 6.240E-32 7.424E-03.07230.329 1192.29790.620.000000          0 2 0          0 0 0 11  4  7       12  5  8      4622205141 98735 0   414.0  450.0
 11 2163.430396 2.388E-23 1.940E+00.04460.284 1874.97300.52-.011277          0 1 0          0 0 0 11  7  4       10  6  5      587777835910162545    69.0   63.0
 14 2163.625558 3.900E-29 1.283E-01.05500.340 2170.48010.79-.007313          0 0 1          0 1 0  9  0  9       10  1 10      4622235041 88333 7   114.0  126.0
 14 2163.675084 3.721E-29 4.880E-02.08010.378 1903.26200.79-.009392          0 0 1          0 1 0  6  1  5        7  2  6      5622235041 88333 7    78.0   90.0
 11 2163.805530 6.535E-30 9.717E-07.04270.235 2073.51560.430.000000          0 1 0          0 0 0 16  1 16       14  1 14     q4422308079917122 0    99.0   87.0
 11 2163.805617 2.178E-30 9.716E-07.04270.235 2073.51550.430.000000          0 1 0          0 0 0 16  0 16       14  0 14     q4422308079917122 0    33.0   29.0
 11 2163.808912 1.403E-28 3.564E-04.07290.333 2495.16580.640.006700          0 0 1          0 1 0  7  4  4        8  2  7      534233837294713152    45.0   51.0
 14 2163.879196 1.440E-28 4.737E-01.04440.340 2170.48010.79-.018890          0 0 1          0 1 0  9  1  9       10  1 10      4622205041 7833348   114.0  126.0
 14 2163.882050 1.442E-28 4.738E-01.04430.340 2170.22360.79-.018970          0 0 1          0 1 0  9  0  9       10  0 10      4622205041 7833348   114.0  126.0
 11 2163.902046 2.120E-29 3.061E-01.03410.235 4183.38900.32-.023520          1 0 0          0 1 0 14  3 11       14  2 12      434233837294713152    29.0   29.0
 13 2164.026311 5.400E-27 2.915E-03.07770.371  551.60930.690.003099          0 1 0          0 0 0  7  5  2        6  2  5      563737803633162745   270.0  234.0
 14 2164.135688 3.898E-29 1.281E-01.05500.340 2170.22360.79-.007837          0 0 1          0 1 0  9  1  9       10  0 10      4622235041 88333 7   114.0  126.0
 13 2164.151532 2.960E-28 2.599E-01.09740.449 1689.99270.830.001150          1 0 0          0 1 0  3  2  2        2  1  1      563333803633162759    42.0   30.0
 11 2164.364246 2.268E-29 2.136E-04.06900.333 2764.69740.65-.010190          0 0 1          0 1 0  7  6  2        8  4  5      534233837294713152    45.0   51.0
 14 2164.461957 5.077E-29 1.705E-02.04120.329 1757.34160.79-.007470          0 1 0          0 0 0 12  9  3       11  7  4      5622205041 7833348   150.0  138.0
 14 2164.462407 5.078E-29 1.705E-02.04090.329 1757.34110.79-.007380          0 1 0          0 0 0 12  9  4       11  7  5      5622205041 7833348   150.0  138.0
 12 2164.573862 2.155E-29 2.946E+00.04470.298 3544.33410.46-.006970          0 2 0          0 1 0 11  7  4       10  6  5      332223807294713152    69.0   63.0
 11 2164.574900 4.633E-29 3.722E-01.02670.298 4240.94210.28-.007900          0 0 1          0 1 0 11  9  3       10  9  2      434233837294713152    69.0   63.0
 11 2164.575088 1.544E-29 3.721E-01.02670.298 4240.94210.28-.007890          0 0 1          0 1 0 11  9  2       10  9  1      434233837294713152    23.0   21.0
 12 2164.622013 4.832E-27 3.358E-01.10100.485 1670.03730.82-.001613          0 0 1          0 1 0  2  1  1        2  1  2      548747877233162745    15.0   15.0
 12 2164.751091 2.066E-29 2.871E+00.02970.333 3282.34210.30-.004110          0 2 0          0 1 0  9  8  2        8  7  1      334446807294713152    19.0   17.0
 12 2164.751329 6.199E-29 2.871E+00.02970.333 3282.34180.30-.011580          0 2 0          0 1 0  9  8  1        8  7  2      534443807294713159    57.0   51.0
 14 2164.786881 2.100E-28 4.407E-01.08030.378 1999.77680.79-.008130          0 0 1          0 1 0  6  3  4        7  3  5      5622205041 7833348    78.0   90.0
 12 2164.857196 3.519E-28 1.788E-01.09190.462 2015.45390.72-.003500          0 0 1          0 1 0  5  2  3        5  2  4      544443877294163159    11.0   11.0
 17 2164.868786 6.530E-32 2.600E-04.08620.434  341.38880.620.000000          0 2 0          0 0 0  5  0  5        6  3  4      4622205141 98735 0   198.0  234.0
 11 2165.051499 2.661E-29 3.285E+00.06110.235 4638.35060.58-.008520          0 2 0          0 1 0 15  6 10       14  5  9      434233837294713152    31.0   29.0
 11 2165.065412 2.836E-28 5.635E-02.08090.298 3253.73800.73-.018330          0 0 1          0 1 0 11  2  9       10  4  6      534223837294713152    23.0   21.0
 11 2165.080751 1.664E-29 6.597E-07.05070.265 1774.75110.510.000000          0 1 0          0 0 0 14  2 13       12  2 11     q5422308079917122 0    87.0   75.0
 11 2165.130253 5.544E-30 6.590E-07.05070.265 1774.61630.510.000000          0 1 0          0 0 0 14  1 13       12  1 11     q5422308079917122 0    29.0   25.0
 11 2165.225588 8.035E-25 2.670E-01.09740.449 1693.64990.830.001150          1 0 0          0 1 0  3  2  2        2  1  1      587773835910162559     7.0    5.0
 13 2165.393071 1.210E-29 2.843E-02.07970.391 2019.55160.690.003240          0 2 0          0 1 0  6  5  1        5  2  4      425253803694713152    78.0   66.0
 12 2165.431031 1.218E-29 2.291E-01.05360.298 2891.35970.48-.019010          1 0 0          0 1 0 10  2  8       10  1  9      534446807294713152    21.0   21.0
 11 2165.433670 6.521E-29 5.167E-01.07620.250 4285.64750.73-.032100          0 0 1          0 1 0 14  3 11       13  5  8      434233837294713152    87.0   81.0
 11 2165.590262 1.472E-30 1.036E+00.06010.265 5193.88220.560.001720          0 3 0          0 2 0 13  4  9       12  3 10      432230837294713152    81.0   75.0
 11 2165.658905 1.944E-28 5.853E-03.05730.298 3072.72640.570.004690          0 2 0          0 1 0 10  6  5       10  3  8      434233837294713152    63.0   63.0
 17 2165.699936 8.570E-32 2.009E-02.06440.230 1392.83770.620.000000          0 2 0          0 0 0 15  0 15       16  1 16      4622205141 98735 0   558.0  594.0
 17 2165.700011 1.710E-31 8.019E-02.06440.228 1392.83740.620.000000          0 2 0          0 0 0 15  1 15       16  0 16      4624205141 98635 0   279.0  297.0
 12 2165.750529 6.272E-28 2.698E-01.08250.492 2015.45390.36-.006440          1 0 0          0 1 0  6  1  5        5  2  4      546533877233162759    13.0   11.0
 11 2165.768309 1.660E-27 7.639E-05.04950.265 1774.75110.510.010700          0 1 0          0 0 0 12  5  8       12  2 11      574223837260713049    75.0   75.0
 11 2165.942203 6.314E-27 2.502E-01.05360.298 2903.14600.48-.019010          1 0 0          0 1 0 10  2  8       10  1  9      534426837294713152    21.0   21.0
 17 2165.946989 1.070E-32 2.534E-02.08370.461 1689.76310.620.000000          0 3 0          0 1 0  6  3  4        7  4  3      4624205141 98635 0   234.0  270.0
 13 2166.018551 1.040E-28 2.445E-01.08250.492 2019.55160.36-.006440          1 0 0          0 1 0  6  1  5        5  2  4      523333803633162759    78.0   66.0
 11 2166.046775 7.977E-31 3.816E+00.04480.208 5415.48850.380.000000          0 2 0          0 1 0 17  6 12       16  5 11      4333308387659336 0    35.0   33.0
 11 2166.109536 3.120E-25 2.785E-01.08250.492 2024.15260.36-.006440          1 0 0          0 1 0  6  1  5        5  2  4      567773835910162559    13.0   11.0
 11 2166.381097 1.217E-26 3.308E-02.08760.371 2282.58960.72-.006700          0 0 1          0 1 0  7  1  6        6  3  3      564423837294713159    15.0   13.0
 14 2166.387493 4.393E-29 1.283E-02.04800.351 1648.94740.79-.004390          1 0 0          0 0 0  8  6  3        9  8  2      4622205041 7833348   102.0  114.0
 14 2166.387714 4.393E-29 1.283E-02.04820.351 1648.94740.79-.004310          1 0 0          0 0 0  8  6  2        9  8  1      4622205041 7833348   102.0  114.0
 11 2166.392118 1.112E-27 8.983E-06.07640.315 1360.23530.73-.004310          0 1 0          0 0 0  9  7  2        9  4  5      574223837260713049    57.0   57.0
 11 2166.545907 1.427E-29 3.458E+00.05380.221 5015.70410.50-.000790          0 2 0          0 1 0 16  6 11       15  5 10      434233837294713152    99.0   93.0
 17 2166.585934 1.170E-31 1.182E-02.07450.341 1139.29350.620.000000          0 2 0          0 0 0 10  5  6       11  6  5      4622205141 98735 0   378.0  414.0
 12 2166.778750 5.615E-28 1.493E-01.06680.358 2171.74050.36-.004970          1 0 0          0 1 0  7  1  6        7  0  7      546653877233162759    45.0   45.0
 11 2166.937345 7.316E-29 1.487E-04.03260.221 2358.30170.63-.001580          0 1 0          0 0 0 14  4 10       15  1 15      474233837265713049    29.0   31.0
 11 2167.023202 6.052E-29 2.942E-01.02840.235 4184.83120.23-.009540          1 0 0          0 1 0 14  4 11       14  3 12      434233837294713152    87.0   87.0
 13 2167.242476 1.070E-28 1.556E-01.06680.358 2175.93730.36-.004970          1 0 0          0 1 0  7  1  6        7  0  7      563333803633162759   270.0  270.0
 11 2167.244879 9.584E-31 3.556E+00.05950.303 5293.79080.590.000000          0 3 0          0 2 0 12  6  6       11  5  7      4333308387659336 0    25.0   23.0
 11 2167.340081 3.303E-24 1.607E+00.04120.298 2275.37290.260.003448          0 1 0          0 0 0 13  6  7       12  5  8      587777835910162545    81.0   75.0
 17 2167.590993 2.360E-31 4.767E-02.07450.388 1139.06010.620.000000          0 2 0          0 0 0 10  5  5       11  6  6      4624205141 98635 0   189.0  207.0
 11 2167.771845 2.881E-25 1.592E-01.06680.358 2180.64290.36-.004970          1 0 0          0 1 0  7  1  6        7  0  7      577773835910162559    45.0   45.0
 14 2167.807008 2.343E-28 4.785E-01.06830.364 2023.04810.79-.012330          0 0 1          0 1 0  7  2  6        8  2  7      5622205041 7833348    90.0  102.0
 11 2167.848656 4.800E-27 1.899E+00.10590.480 3201.91340.76-.006930          0 1 1          0 2 0  1  1  1        1  1  0      534223837294713152     9.0    9.0
