 52 2156.313430 4.135E-27 3.508E+01.04650.049 3372.08510.67-.002719              2              1                    R 26      47562310 8 5 5 1 8   110.0  106.0
 51 2156.358838 2.262E-23 3.475E+01.05770.063 2352.74990.75-.001781              2              1                    R 10      47566310 8 5 5 1 8    23.0   21.0
 52 2156.508936 1.179E-21 1.737E+01.05240.056  561.89580.68-.002163              1              0                    R 17      47566310 8 5 5 1 8    74.0   70.0
 55 2157.271587 1.422E-28 1.739E+01.03990.042 2712.12640.67-.003360              1              0                    R 39      47562310 8 5 5 1 8   162.0  158.0
 53 2157.466358 3.136E-28 3.514E+01.04540.048 3562.01390.67-.002833              2              1                    R 28      47562310 8 5 5 1 8    59.0   57.0
 54 2157.509770 1.520E-27 3.515E+01.05100.054 2821.16140.67-.002290              2              1                    R 19      47566310 8 5 5 1 8   246.0  234.0
 56 2158.050707 9.150E-27 1.744E+01.04540.048 1449.49820.67-.002833              1              0                    R 28      47562310 8 5 5 1 8   708.0  684.0
 51 2158.299712 3.410E-19 1.620E+01.06770.074   23.06950.74-.002530              1              0                    R  3      47566310 8 5 5 1 1     9.0    7.0
 51 2158.331983 1.786E-28 5.328E+01.05100.054 4976.43800.67-.002290              3              2                    R 19      47566310 8 5 5 1 8    41.0   39.0
 53 2158.352088 1.219E-22 1.744E+01.05100.054  694.97140.67-.002290              1              0                    R 19      47566310 8 5 5 1 8    41.0   39.0
 54 2158.602484 1.238E-22 1.732E+01.05690.062  247.26180.74-.001824              1              0                    R 11      47566310 8 5 5 1 8   150.0  138.0
 52 2158.989986 2.669E-27 3.525E+01.04600.049 3470.01230.67-.002777              2              1                    R 27      47562310 8 5 5 1 8   114.0  110.0
 55 2159.423242 7.448E-29 1.746E+01.03950.042 2850.54920.67-.003400              1              0                    R 40      47562310 8 5 5 1 8   166.0  162.0
 52 2159.540313 9.042E-22 1.748E+01.05170.055  627.93240.67-.002226              1              0                    R 18      47566310 8 5 5 1 8    78.0   74.0
 51 2159.739136 2.017E-23 3.505E+01.05690.062 2394.62790.74-.001824              2              1                    R 11      47566310 8 5 5 1 8    25.0   23.0
 53 2160.062115 1.953E-28 3.530E+01.04480.047 3666.72650.67-.002887              2              1                    R 29      47562310 8 5 5 1 8    61.0   59.0
 54 2160.487387 1.115E-27 3.535E+01.05030.053 2895.26020.67-.002353              2              1                    R 20      47562310 8 5 5 1 8   258.0  246.0
 56 2160.631518 5.740E-27 1.752E+01.04480.047 1552.76660.67-.002887              1              0                    R 29      47562310 8 5 5 1 8   732.0  708.0
 53 2161.302966 8.991E-23 1.754E+01.05030.053  768.03310.67-.002353              1              0                    R 20      47562310 8 5 5 1 8    43.0   41.0
 51 2161.341174 1.303E-28 5.359E+01.05030.053 5051.74320.67-.002353              3              2                    R 20      47566310 8 5 5 1 8    43.0   41.0
 55 2161.539668 3.835E-29 1.753E+01.03900.041 2992.36580.67-.003439              1              0                    R 41      47562310 8 5 5 1 8   170.0  166.0
 52 2161.630081 1.690E-27 3.541E+01.04540.048 3571.53210.67-.002833              2              1                    R 28      47562310 8 5 5 1 8   118.0  114.0
 54 2161.901606 1.080E-22 1.746E+01.05610.060  292.19670.73-.001872              1              0                    R 12      47566310 8 5 5 1 8   162.0  150.0
 51 2161.968247 3.963E-19 1.665E+01.06510.071   38.44810.74-.002660              1              0                    R  4      47566310 8 5 5 1 1    11.0    9.0
 52 2162.536429 6.796E-22 1.758E+01.05100.054  697.62190.67-.002290              1              0                    R 19      47566310 8 5 5 1 8    82.0   78.0
 53 2162.621364 1.194E-28 3.546E+01.04430.047 3775.01070.67-.002941              2              1                    R 30      47562310 8 5 5 1 8    63.0   61.0
 51 2163.082669 1.753E-23 3.533E+01.05610.060 2440.30620.73-.001872              2              1                    R 12      47566310 8 5 5 1 8    27.0   25.0
 56 2163.177104 3.535E-27 1.760E+01.04430.047 1659.55870.67-.002941              1              0                    R 30      47562310 8 5 5 1 8   756.0  732.0
 54 2163.428398 8.019E-28 3.555E+01.04960.053 2973.04400.67-.002416              2              1                    R 21      47562310 8 5 5 1 8   270.0  258.0
 55 2163.620746 1.942E-29 1.759E+01.03860.041 3137.57120.67-.003476              1              0                    R 42      47562310 8 5 5 1 8   174.0  170.0
 53 2164.218525 6.500E-23 1.764E+01.04960.053  844.72880.67-.002416              1              0                    R 21      47562310 8 5 5 1 8    45.0   43.0
 52 2164.233584 1.051E-27 3.558E+01.04480.047 3676.64070.67-.002887              2              1                    R 29      47562310 8 5 5 1 8   122.0  118.0
 51 2164.312285 9.308E-29 5.388E+01.04960.053 5130.79260.67-.002416              3              2                    R 21      47566310 8 5 5 1 8    45.0   43.0
 53 2165.143973 7.169E-29 3.562E+01.04380.046 3886.86260.67-.002993              2              1                    R 31      47562310 8 5 5 1 8    65.0   63.0
 54 2165.165232 9.195E-23 1.759E+01.05530.059  340.86860.72-.001924              1              0                    R 13      47566310 8 5 5 1 8   174.0  162.0
 52 2165.497150 5.005E-22 1.768E+01.05030.053  770.96190.67-.002353              1              0                    R 20      47562310 8 5 5 1 8    86.0   82.0
 51 2165.601042 4.340E-19 1.700E+01.06320.069   57.67040.74-.002590              1              0                    R  5      47566310 8 5 5 1 1    13.0   11.0
 55 2165.666358 9.665E-30 1.766E+01.03820.040 3286.16040.67-.003513              1              0                    R 43      47562310 8 5 5 1 8   178.0  174.0
 56 2165.687340 2.138E-27 1.768E+01.04380.046 1769.87040.67-.002993              1              0                    R 31      47562310 8 5 5 1 8   780.0  756.0
 54 2166.332664 5.652E-28 3.574E+01.04900.052 3054.50980.67-.002479              2              1                    R 22      47562310 8 5 5 1 8   282.0  270.0
 51 2166.389291 1.487E-23 3.560E+01.05530.059 2489.78310.72-.001924              2              1                    R 13      47566310 8 5 5 1 8    29.0   27.0
 52 2166.800361 6.413E-28 3.574E+01.04430.047 3785.33420.67-.002941              2              1                    R 30      47562310 8 5 5 1 8   126.0  122.0
 53 2167.098631 4.607E-23 1.774E+01.04900.052  925.05570.67-.002479              1              0                    R 22      47562310 8 5 5 1 8    47.0   45.0
 51 2167.245169 6.518E-29 5.417E+01.04900.052 5213.58320.67-.002479              3              2                    R 22      47566310 8 5 5 1 8    47.0   45.0
 53 2167.629811 4.226E-29 3.578E+01.04320.046 4002.27790.67-.003043              2              1                    R 32      47562310 8 5 5 1 8    67.0   65.0
 55 2167.676383 4.729E-30 1.772E+01.03780.040 3438.12830.67-.003549              1              0                    R 44      47562310 8 5 5 1 8   182.0  178.0
